Gene	Cyt Andreyev	Nucl Andreyev	Microsomes Andreyev	PM Andreyev	ER Andreyev	Mito Andreyev
AAAS	4	42	14	28	84	26
AACS	58	6	16	42	76	1
AARS	140	34	24	1	1	1
AARS2	1	30	1	32	62	76
AARSD1	98	32	70	1	1	1
ABCA3	1	1	4	126	70	1
ABCB7	1	24	1	1	68	108
ABCB8	1	42	1	1	66	92
ABCC1	1	1	14	150	32	4
ABCD1	8	1	52	54	76	8
ABCD2	1	1	1	94	82	24
ABCD3	1	1	66	48	78	8
ABCD4	1	1	6	110	78	4
ABCE1	40	4	102	50	4	1
ABCF1	32	26	116	24	1	1
ABCF2	10	6	58	38	74	16
ABCF3	138	62	1	1	1	1
ABHD11	1	60	1	1	60	80
ABHD12	1	26	1	72	84	16
ABHD6	30	70	1	18	52	30
ABI1	1	1	60	122	16	1
ABR	80	42	4	42	32	1
ACAA2	1	12	1	12	68	104
ACACA	128	24	48	1	1	1
ACAD10	1	6	1	1	90	104
ACAD11	1	1	56	60	80	4
ACAD8	1	16	1	1	88	94
ACAD9	1	44	1	1	32	122
ACADL	1	26	1	6	46	120
ACADM	1	12	1	1	70	112
ACADS	1	18	4	4	30	144
ACADSB	1	20	1	14	82	80
ACADVL	1	78	1	4	26	92
ACAT1	1	32	1	4	24	138
ACAT2	156	26	18	1	1	1
ACIN1	24	150	20	4	1	4
ACLY	108	18	70	4	1	1
ACO2	1	22	1	4	56	118
ACOT13	1	40	1	14	10	136
ACOT2	1	50	1	4	28	116
ACOT7	150	22	12	1	4	10
ACOT8	1	1	58	48	84	8
ACOT9	1	30	1	12	40	118
ACOX1	1	1	40	74	68	16
ACOX3	1	1	26	46	120	8
ACP1	136	46	18	1	1	1
ACP6	1	20	1	1	80	100
ACSL1	1	44	30	22	58	44
ACSL3	1	6	38	82	54	18
ACSL4	4	34	12	54	40	58
ACSL5	1	44	18	42	66	30
ACTB	94	16	16	52	20	1
ACTC1	164	18	18	1	1	1
ACTG1	110	22	8	36	20	1
ACTL6A	18	128	8	1	30	18
ACTN1	104	28	4	44	18	1
ACTN4	114	8	24	36	18	1
ACTR1A	120	32	24	20	1	1
ACTR1B	156	24	14	8	1	1
ACTR2	10	6	22	76	82	4
ACTR3	34	4	74	32	44	10
ADA	122	6	74	1	1	1
ADAR	16	16	64	10	86	8
ADCK1	1	1	1	1	104	96
ADCK4	1	8	1	1	100	92
ADCY7	1	1	48	132	14	6
ADH5	166	28	4	1	1	1
ADNP	28	164	1	1	1	8
ADPGK	10	20	20	58	68	24
ADRBK1	70	38	42	50	1	1
ADRM1	72	52	76	1	1	1
ADSL	138	48	4	10	1	1
ADSS	116	76	8	1	1	1
ADSSL1	106	12	36	40	4	1
AEN	40	132	1	1	1	28
AFG3L2	1	26	1	4	42	128
AGA	1	1	6	88	104	4
AGK	1	30	1	1	106	66
AGPAT5	1	26	1	1	54	118
AGPS	1	1	38	60	94	6
AHCYL1	42	42	14	98	4	1
AHNAK	22	12	26	96	38	4
AHNAK2	46	140	6	10	1	1
AHSA1	144	18	30	1	4	4
AIFM1	1	20	1	4	36	140
AIMP2	142	20	30	4	1	1
AIP	118	18	64	1	1	1
AK2	1	50	1	18	42	88
AK3	1	62	1	6	40	92
AKAP13	90	1	52	58	1	1
AKAP8	78	70	46	1	1	6
AKR1A1	136	28	32	1	1	4
AKT1	120	28	54	1	1	1
ALCAM	1	1	26	130	40	4
ALDH16A1	94	14	66	10	8	6
ALDH18A1	1	18	1	6	46	128
ALDH1L2	1	60	1	4	22	116
ALDH2	1	16	1	4	26	152
ALDH3A2	4	46	24	44	56	26
ALDH3B1	1	1	18	96	70	16
ALDH4A1	1	8	1	1	34	156
ALDH5A1	1	1	1	1	62	138
ALDH6A1	1	26	1	1	52	122
ALDH9A1	76	24	6	1	12	78
ALDOA	140	8	24	18	8	1
ALDOC	134	22	42	1	1	1
ALG5	1	56	10	20	90	24
ALKBH5	26	90	84	1	1	1
ALOX5	112	50	40	1	1	1
AMACR	1	1	1	44	134	22
AMDHD2	168	22	10	1	1	1
ANGPTL7	50	4	80	50	12	4
ANKFY1	30	18	32	98	20	1
ANKMY2	124	76	1	1	1	1
ANKRD17	24	26	42	34	72	1
ANO10	1	54	1	42	62	42
ANO6	1	1	1	116	74	6
ANP32A	164	16	20	1	1	1
ANP32B	138	30	12	6	12	1
ANP32E	86	78	12	14	6	4
ANXA1	152	18	12	1	12	4
ANXA2	46	6	12	94	38	4
ANXA3	140	14	46	1	1	1
ANXA4	144	36	10	8	1	1
ANXA5	116	6	4	6	58	12
ANXA6	104	38	16	28	12	1
ANXA7	168	12	20	1	1	1
AP1B1	68	24	50	40	18	1
AP1G1	26	1	48	66	52	4
AP1M1	44	10	40	34	62	12
AP1S1	8	1	8	50	108	24
AP2A1	4	1	16	130	36	12
AP2A2	18	1	60	74	48	1
AP2B1	6	4	32	134	22	1
AP2M1	4	1	10	130	56	1
AP3D1	102	10	28	60	1	1
AP3M1	40	4	68	70	14	1
APBB1IP	80	14	22	68	16	1
APEX1	76	20	80	8	12	6
API5	52	44	74	12	12	6
APOA1BP	28	28	12	1	64	66
APOBEC1	8	8	68	70	44	1
APOBR	100	36	36	22	4	1
APOOL	1	36	1	1	56	108
APP	1	1	14	74	68	44
APRT	152	38	4	4	1	1
AQR	34	106	56	1	1	1
ARAF	70	26	32	34	38	1
ARCN1	26	4	120	36	12	1
ARF1	104	18	34	18	18	8
ARF5	108	54	38	1	1	1
ARF6	36	20	6	88	24	26
ARHGAP1	116	28	56	1	1	1
ARHGAP17	20	8	28	14	116	14
ARHGDIA	176	8	6	4	4	1
ARHGDIB	170	18	10	1	1	1
ARHGEF1	98	1	102	1	1	1
ARHGEF2	32	1	80	56	26	4
ARHGEF7	56	1	66	76	1	1
ARID1A	4	124	14	4	1	54
ARIH2	130	70	1	1	1	1
ARL6IP5	10	24	86	60	20	1
ARL8B	4	4	24	62	72	36
ARMC10	1	52	1	1	72	76
ARPC1B	24	12	52	58	42	10
ARPC2	26	6	56	32	64	18
ARPC3	18	4	56	32	68	24
ARPC4	46	8	66	24	46	12
ARPC5	56	20	40	36	30	16
ARRB1	128	1	72	1	1	1
ARRB2	54	82	34	28	1	1
ARSB	1	1	6	70	96	28
AS3MT	88	24	88	1	1	1
ASAH1	1	1	4	80	90	24
ASNA1	114	60	14	6	1	6
ASNS	134	6	34	18	6	1
ASPH	1	20	22	48	76	32
ASRGL1	116	42	42	1	1	1
ATAD1	1	78	1	1	26	92
ATAD3A	1	32	1	4	42	120
ATG3	146	32	24	1	1	1
ATG7	150	38	12	1	1	1
ATP11B	1	42	1	18	32	108
ATP11C	1	1	1	148	52	1
ATP13A1	1	18	54	46	42	38
ATP1A1	1	1	8	144	40	4
ATP1A3	1	1	4	144	52	1
ATP1B3	4	6	14	136	36	1
ATP2A2	1	18	14	64	82	22
ATP2B1	1	1	14	164	22	1
ATP2B4	1	1	20	148	28	4
ATP5A1	1	20	1	8	28	142
ATP5B	1	14	1	6	28	152
ATP5C1	1	42	1	6	24	128
ATP5D	1	20	4	32	44	100
ATP5E	1	44	1	44	16	94
ATP5F1	1	18	1	8	30	144
ATP5H	1	34	1	6	28	130
ATP5J	1	50	1	1	30	120
ATP5J2	1	24	1	1	30	144
ATP5O	1	34	1	1	24	140
ATP6AP2	4	42	44	50	52	8
ATP6V0A1	1	1	12	102	78	6
ATP6V0D1	1	12	8	118	54	8
ATP6V1A	72	8	18	50	42	10
ATP6V1B2	58	18	16	64	28	16
ATP6V1C1	68	1	28	72	28	1
ATP6V1D	16	10	4	90	60	22
ATP6V1E1	48	6	12	56	62	16
ATP6V1F	30	16	24	78	34	18
ATP6V1H	24	4	24	124	22	4
ATP9B	1	1	16	110	74	1
ATRN	1	1	16	110	72	1
ATRX	18	144	12	1	1	26
ATXN2	18	1	136	46	1	1
ATXN2L	42	1	120	28	12	1
AUP1	1	12	38	62	72	12
B4GALNT1	1	16	22	78	56	26
BAG2	54	60	38	28	18	4
BAG6	152	42	6	1	1	1
BAK1	1	46	1	1	22	132
BANF1	1	54	36	12	86	10
BASP1	14	1	38	126	22	1
BAX	84	38	14	6	22	38
BAZ1A	36	148	1	1	1	16
BAZ1B	16	166	4	1	1	16
BCAP29	1	32	28	48	64	28
BCAP31	1	26	14	72	74	12
BCAS2	30	130	22	14	1	4
BCAT1	154	8	38	1	1	1
BCAT2	1	32	1	6	34	128
BCKDHA	1	70	1	14	14	102
BCKDHB	1	22	1	8	66	104
BCL2L13	1	52	1	4	26	114
BCL7B	46	134	1	1	1	20
BCLAF1	44	74	66	14	1	1
BDH1	1	1	1	10	54	134
BIN1	114	32	54	1	1	1
BLVRA	160	24	14	1	1	1
BLVRB	146	16	36	1	1	1
BMS1	22	142	16	8	10	1
BOLA1	74	38	1	1	16	72
BOP1	24	122	28	4	1	20
BPHL	1	20	1	1	94	84
BPNT1	164	24	12	1	1	1
BRD2	76	68	1	1	1	56
BRD3	32	132	1	1	1	36
BRD4	48	140	1	1	1	12
BRI3BP	1	50	8	56	42	44
BSG	1	1	6	162	30	1
BST2	1	1	16	130	54	1
BTAF1	50	120	30	1	1	1
BTF3	108	36	50	6	1	1
BTK	34	42	48	68	8	1
BUB3	8	112	34	16	22	8
BYSL	24	158	10	1	1	6
BZW2	104	10	22	64	1	1
C1QBP	4	8	1	4	44	140
CA13	184	16	1	1	1	1
CA2	126	56	18	1	1	1
CA5B	1	80	1	1	24	96
CACYBP	122	34	38	6	1	1
CAD	130	22	36	6	4	4
CADM1	1	1	18	82	86	14
CALR	32	12	20	58	64	14
CALU	1	1	56	80	64	1
CAMK1	168	32	1	1	1	1
CAMK2D	46	10	66	78	1	1
CAND1	128	32	36	1	1	1
CANX	1	14	18	58	92	18
CAP1	160	12	10	8	10	1
CAPG	142	26	6	10	6	10
CAPN2	154	1	32	6	8	1
CAPRIN1	28	1	110	38	18	1
CAPZA1	84	40	32	32	12	1
CAPZA2	62	52	30	26	30	1
CAPZB	64	4	52	64	16	1
CARM1	144	24	32	1	1	1
CARS	142	26	30	1	1	1
CARS2	1	50	1	1	80	68
CASP1	132	50	6	1	8	4
CASP3	174	8	18	1	1	1
CAST	88	26	60	26	1	1
CAT	1	1	24	74	98	1
CBL	104	36	60	1	1	1
CBR4	1	40	1	1	80	78
CCAR1	8	178	8	1	1	6
CCBL2	1	10	1	1	78	112
CCDC109B	1	44	1	10	58	88
CCDC115	8	8	16	42	84	46
CCDC22	18	6	62	82	30	1
CCDC47	1	4	22	74	88	14
CCDC88B	78	38	48	1	1	36
CCDC93	6	1	72	116	6	1
CCS	32	10	32	52	72	1
CCT2	88	22	44	34	6	6
CCT3	110	14	48	18	10	1
CCT4	118	32	32	10	4	1
CCT5	132	24	32	10	1	1
CCT6A	92	28	34	40	4	4
CCT6B	100	34	50	16	1	1
CCT7	120	28	34	8	8	1
CCT8	126	12	46	8	4	1
CD14	1	1	4	118	66	12
CD180	1	1	10	86	88	16
CD2AP	80	42	78	1	1	1
CD36	1	6	4	80	90	20
CD40	1	1	4	92	88	16
CD44	1	6	1	98	76	16
CD47	1	1	6	180	12	1
CD68	28	1	34	86	48	4
CD72	1	1	10	130	54	4
CDC16	60	78	62	1	1	1
CDC23	104	88	6	1	1	1
CDC37	116	78	8	1	1	1
CDC42	92	20	8	42	14	22
CDC5L	6	96	58	34	1	8
CDC73	62	132	1	1	1	6
CDK3	126	14	58	1	1	1
CDK4	92	44	64	1	1	1
CDK5RAP1	1	58	1	1	60	82
CDK5RAP3	6	48	22	48	54	24
CDK6	138	62	1	1	1	1
CEBPB	6	164	1	1	1	26
CEBPZ	22	74	100	1	1	1
CENPV	14	164	1	1	1	20
CEP170	72	12	104	12	1	1
CEPT1	1	14	14	48	104	20
CHAF1B	114	86	1	1	1	1
CHCHD3	1	64	1	1	8	126
CHCHD6	1	28	1	1	70	102
CHD4	4	110	1	1	60	20
CHD8	46	148	1	1	1	6
CHERP	14	96	44	40	1	6
CHMP4B	114	10	76	1	1	1
CIAPIN1	150	34	8	6	1	1
CIRH1A	18	82	1	1	84	14
CISD1	1	60	1	1	50	92
CKAP4	1	12	30	54	78	26
CKAP5	24	1	120	30	18	4
CKB	142	36	6	4	1	12
CLASP1	84	1	116	1	1	1
CLASP2	44	1	116	40	1	1
CLCC1	1	1	4	68	120	6
CLCN3	1	1	42	76	72	10
CLEC4E	1	10	14	96	60	16
CLIC1	154	38	8	1	1	1
CLIC4	124	14	20	22	18	1
CLINT1	20	8	148	16	10	1
CLIP1	128	36	36	1	1	1
CLPB	1	46	1	1	54	98
CLPP	1	36	1	4	48	110
CLPTM1	1	22	8	52	106	12
CLPX	1	68	1	1	14	116
CLTA	60	30	90	20	1	1
CLTB	90	4	80	24	1	1
CLTC	60	8	106	20	6	1
CLYBL	1	74	1	1	62	64
CMAS	8	92	1	1	74	28
CMPK2	148	36	16	1	1	1
CNBP	158	16	26	1	1	1
CNDP2	144	40	14	1	1	1
CNOT1	34	1	114	40	12	1
CNOT10	1	1	108	92	1	1
COL4A3BP	126	40	34	1	1	1
COLEC12	1	1	46	122	30	1
COLGALT1	4	6	22	48	102	18
COMMD10	78	1	100	22	1	1
COMT	4	6	26	50	64	52
COMTD1	1	34	6	4	60	94
COPA	30	6	132	26	6	1
COPB1	30	4	128	28	8	1
COPB2	28	10	98	56	8	1
COPE	20	16	76	22	54	12
COPG1	6	4	84	100	6	1
COPG2	38	1	108	54	1	1
COPS3	112	82	6	1	1	1
COPS4	112	54	26	8	1	1
COPS7A	114	42	24	20	1	1
COPS8	154	16	28	1	1	1
COPZ1	66	12	116	8	1	1
COQ3	1	36	1	1	78	86
COQ4	1	30	1	1	64	104
COQ9	1	26	1	1	46	128
CORO1A	20	1	20	112	42	1
CORO1B	4	1	56	122	14	1
CORO1C	16	4	56	90	32	1
CORO7	170	1	30	1	1	1
COTL1	142	18	18	18	4	1
COX15	1	84	1	1	60	58
COX4I1	1	14	1	4	24	156
COX5A	1	34	1	1	32	132
COX6A1	1	30	1	4	68	98
CPNE1	100	16	84	1	1	1
CPNE3	138	38	24	1	1	1
CPOX	1	12	1	4	32	150
CPSF1	12	148	22	1	1	16
CPSF3	38	152	1	1	1	8
CPSF6	76	30	78	6	6	1
CPT2	1	38	1	1	44	118
CREB1	1	152	6	8	1	34
CREBBP	18	98	84	1	1	1
CRELD2	46	1	30	64	60	1
CRLF3	144	34	22	1	1	1
CRYL1	110	38	52	1	1	1
CS	1	16	1	8	34	140
CSDE1	106	34	46	10	4	1
CSE1L	136	14	52	1	1	1
CSF1R	14	1	20	70	82	10
CSK	72	20	38	64	6	1
CSNK2A1	56	58	60	26	1	1
CSNK2A2	120	42	8	12	18	1
CSNK2B	84	18	96	1	1	1
CST3	26	1	54	66	40	14
CSTB	122	22	50	1	4	4
CSTF1	44	128	4	1	1	22
CSTF2	48	126	4	4	1	20
CSTF3	30	168	1	1	1	1
CTBP2	82	40	80	1	1	1
CTCF	20	136	1	1	1	44
CTDP1	114	78	6	1	1	4
CTNNBL1	96	100	1	1	1	1
CTNND1	60	1	86	42	14	1
CTPS1	106	56	38	1	1	1
CTSA	1	4	6	130	60	1
CTSB	12	8	16	90	64	10
CTSC	1	28	18	106	28	20
CTSD	1	14	8	112	44	22
CTSL	76	8	44	38	28	6
CTSS	4	14	10	76	74	24
CTSZ	1	14	4	112	52	16
CUL1	60	60	64	18	1	1
CUL2	98	20	84	1	1	1
CUL3	74	50	60	16	1	1
CUL4A	64	92	14	1	18	12
CUL4B	58	18	60	64	1	1
CUX1	8	128	20	24	1	22
CWC27	100	1	100	1	1	1
CWF19L1	48	68	84	1	1	1
CYB5A	4	24	34	60	62	18
CYB5B	1	68	8	22	36	64
CYB5R1	1	28	14	14	64	78
CYB5R3	1	28	8	14	86	60
CYBA	1	1	1	34	150	14
CYBB	1	1	4	148	44	1
CYC1	1	56	1	6	16	122
CYFIP1	14	8	40	78	54	6
CYP20A1	1	10	26	72	78	14
CYP27A1	1	32	1	1	110	58
CYP51A1	1	64	10	16	34	78
DAB2	72	1	26	68	32	1
DAK	116	78	6	1	1	1
DAP3	1	32	1	4	38	126
DARS	128	16	48	6	1	1
DARS2	1	32	1	32	16	120
DAXX	32	106	8	1	1	54
DBNL	98	56	6	30	8	1
DBT	1	54	1	4	12	130
DCAKD	1	88	1	12	46	56
DCPS	122	66	12	1	1	1
DCTN1	134	28	26	10	1	1
DCTN2	150	10	32	6	1	1
DCUN1D1	142	22	18	20	1	1
DCXR	156	20	24	1	1	1
DDB1	68	104	18	1	1	10
DDI2	142	28	30	1	1	1
DDOST	1	18	6	30	112	30
DDT	192	4	4	1	1	1
DDX1	32	30	68	26	32	12
DDX10	22	160	1	1	1	18
DDX17	12	116	36	18	1	16
DDX18	14	146	10	8	1	22
DDX19A	56	20	54	46	18	6
DDX21	8	146	20	8	10	6
DDX23	30	162	6	1	1	1
DDX24	10	162	10	4	4	12
DDX27	14	134	14	8	20	12
DDX28	1	60	1	1	48	92
DDX39A	70	66	58	4	1	1
DDX3X	12	18	46	12	86	26
DDX3Y	1	4	50	58	62	22
DDX41	22	84	94	1	1	1
DDX42	46	98	42	6	1	6
DDX47	8	136	30	6	1	20
DDX49	1	98	46	48	1	6
DDX5	12	136	22	4	16	10
DDX50	6	180	1	1	1	16
DDX51	30	106	54	6	1	4
DDX52	12	72	16	84	1	16
DDX56	14	114	34	28	1	8
DDX6	22	1	64	20	82	10
DEGS1	1	32	16	30	94	24
DEK	16	20	108	8	40	6
DENR	112	1	60	28	1	1
DERA	78	32	58	28	4	1
DERL1	1	8	24	50	86	30
DFFA	1	12	8	66	108	6
DHCR7	4	54	12	40	60	30
DHDH	172	16	12	1	1	1
DHODH	1	36	1	1	46	118
DHRS1	1	36	34	72	28	28
DHRS13	1	1	1	52	106	42
DHRS4	1	24	22	30	54	70
DHRSX	1	50	10	24	82	34
DHX15	72	76	38	6	1	8
DHX16	40	110	50	1	1	1
DHX29	42	1	110	26	18	4
DHX30	26	36	12	8	40	80
DHX36	6	30	78	64	20	1
DHX37	34	116	26	12	1	12
DHX38	96	104	1	1	1	1
DHX58	32	1	86	70	10	1
DHX9	1	98	98	1	1	1
DIDO1	6	78	1	24	72	18
DIMT1	24	170	1	1	1	4
DIP2B	1	1	22	120	54	4
DIS3	54	54	72	18	1	1
DKC1	16	134	26	10	6	8
DLAT	1	46	1	8	22	124
DLD	1	10	6	8	46	130
DLST	1	12	1	6	38	142
DNAJA1	18	28	34	96	10	16
DNAJA2	66	60	32	20	12	8
DNAJA3	1	44	1	1	36	120
DNAJB1	44	14	86	56	1	1
DNAJB11	20	24	8	56	80	14
DNAJB6	58	88	20	26	1	6
DNAJC10	1	38	4	78	72	8
DNAJC11	1	32	1	16	64	88
DNAJC13	1	1	16	44	124	14
DNAJC2	30	6	74	76	10	1
DNAJC5	1	1	20	102	78	1
DNAJC7	114	52	34	1	1	1
DNAJC9	1	10	94	44	44	8
DNM1L	148	16	36	1	1	1
DNM2	40	8	86	58	8	1
DNMT1	40	148	1	1	1	12
DNPEP	84	76	18	6	4	14
DNTTIP2	12	150	36	1	1	4
DOCK10	1	1	18	118	60	4
DOCK2	24	12	74	70	12	6
DOCK7	1	1	26	40	62	72
DOCK8	4	1	44	126	22	1
DOHH	120	44	38	1	1	1
DPF2	12	174	1	1	1	14
DPM1	1	66	8	28	62	34
DPP7	1	1	1	124	64	8
DPP9	88	52	60	1	1	1
DPYSL2	124	60	16	1	1	1
DRG1	26	18	66	36	46	10
DRG2	118	36	40	1	1	6
DSCR3	20	14	98	64	6	1
DSTN	180	18	1	1	1	1
DTX3L	1	4	116	76	1	1
DTYMK	1	26	1	1	52	122
DUSP3	122	38	38	1	1	1
DUT	66	24	1	24	32	54
DYNC1H1	108	24	52	10	4	1
DYNC1I2	22	16	104	32	24	1
DYNC1LI1	76	30	72	22	1	1
EBNA1BP2	1	136	40	8	1	16
ECH1	1	18	10	28	68	78
ECHDC1	20	72	1	1	60	48
ECHDC3	1	68	1	1	24	108
ECHS1	1	18	1	4	64	114
ECI1	1	58	1	6	16	120
ECI2	1	58	18	26	46	52
ECSIT	1	16	1	1	126	56
EDC3	60	1	102	38	1	1
EEA1	76	14	46	48	16	1
EEF1A1	94	34	42	14	12	4
EEF1B2	90	8	80	8	10	4
EEF1D	76	56	60	8	1	1
EEF1G	106	22	40	16	12	4
EEF2	66	12	58	34	26	4
EEFSEC	72	1	106	22	1	1
EFHD2	136	26	30	8	1	1
EFTUD2	20	152	4	4	1	18
EHBP1L1	72	28	1	1	82	18
EHD1	30	8	14	78	62	8
EHD4	8	4	18	68	88	12
EIF2A	32	1	88	44	34	1
EIF2AK2	28	6	112	30	20	4
EIF2B3	100	60	40	1	1	1
EIF2B4	66	18	86	32	1	1
EIF2B5	118	42	32	8	1	1
EIF2S1	50	4	108	20	16	1
EIF2S2	26	40	60	24	34	14
EIF3B	42	4	104	38	10	1
EIF3C	56	14	102	20	4	4
EIF3D	100	14	80	6	1	1
EIF3E	30	14	94	60	1	1
EIF3F	68	6	106	10	6	1
EIF3H	60	4	90	34	12	1
EIF3K	48	28	104	18	1	1
EIF3M	86	32	66	18	1	1
EIF4A1	94	12	54	28	8	4
EIF4A2	38	18	88	46	6	4
EIF4A3	30	80	70	12	1	6
EIF4B	134	4	56	6	1	1
EIF4E	42	8	58	16	58	16
EIF4G1	84	18	88	8	1	1
EIF4G2	60	26	96	12	4	1
EIF4G3	108	22	52	18	1	1
EIF4H	130	4	46	22	1	1
EIF5	126	26	30	12	4	1
EIF5A	134	1	52	8	6	1
EIF5B	32	22	90	46	1	8
EIF6	46	60	52	32	4	6
ELAVL1	6	152	22	10	4	6
ELMO1	70	16	64	20	28	1
ELOVL1	1	1	1	100	100	1
EMC2	1	18	48	62	44	28
EMC3	1	10	14	30	110	36
EMC4	1	8	34	78	76	4
EMC8	1	4	22	42	92	40
EMD	30	120	12	8	16	12
EMG1	14	162	10	6	1	6
EML2	122	4	74	1	1	1
EML4	22	4	118	54	1	1
ENDOG	1	90	1	1	6	104
ENO3	164	24	4	4	4	1
ENOPH1	140	20	42	1	1	1
EP300	10	90	70	30	1	1
EPB41L2	1	1	16	136	36	12
EPHX1	1	14	50	78	46	10
EPS15L1	34	1	68	92	6	1
ERAL1	1	50	1	1	8	142
ERAP1	14	10	8	42	116	10
ERCC2	28	98	1	1	1	74
ERGIC1	1	1	28	88	72	8
ERGIC2	1	1	1	82	70	50
ERGIC3	1	1	18	90	72	20
ERLIN1	1	4	26	76	86	8
ERLIN2	4	70	10	36	56	24
ERMP1	1	42	6	34	70	50
ERO1L	24	16	34	74	38	18
ERO1LB	1	1	6	76	86	30
ERP29	44	10	10	14	92	30
ESD	110	50	20	1	1	20
ESF1	66	132	1	1	1	1
ESYT1	1	12	40	68	60	16
ETF1	38	10	60	14	68	10
ETFA	1	22	1	1	32	140
ETFB	1	22	1	4	30	142
ETFDH	1	54	1	6	28	112
ETV6	86	114	1	1	1	1
EVI2B	1	1	14	152	32	1
EWSR1	36	32	80	32	6	16
EXOC1	1	44	6	52	42	56
EXOC3	1	1	30	118	52	1
EXOC4	8	1	36	88	64	4
EXOC8	1	1	16	136	44	1
EXOSC10	32	116	26	14	1	12
EXOSC2	64	116	20	1	1	1
EXOSC3	40	96	20	18	1	24
EXOSC5	60	82	52	1	1	6
EXOSC6	64	48	40	44	1	4
EXOSC7	30	118	20	1	1	32
EZR	6	1	28	152	14	1
FABP5	164	12	4	1	14	6
FADS1	1	36	10	40	90	22
FAF1	90	80	32	1	1	1
FAHD2A	1	40	1	1	44	114
FAM129A	112	88	1	1	1	1
FAR1	4	1	60	26	92	18
FARSA	30	4	98	34	32	1
FARSB	40	10	82	18	44	6
FASN	142	26	28	1	1	1
FBL	1	134	36	18	1	6
FCER1G	1	12	6	92	80	10
FCGR1A	1	1	1	126	68	6
FCGR2B	1	1	6	102	70	22
FDPS	154	24	22	1	1	1
FDXR	1	60	1	1	10	128
FECH	1	28	1	1	62	110
FEN1	22	50	74	32	4	18
FES	48	1	110	42	1	1
FGR	1	1	6	172	22	1
FH	6	16	1	6	28	144
FHL3	98	38	66	1	1	1
FIP1L1	8	168	1	1	1	24
FKBP15	12	14	78	66	24	8
FKBP1A	154	44	1	1	1	1
FKBP2	1	50	12	30	70	38
FKBP3	46	22	72	38	16	4
FKBP4	142	10	10	26	14	1
FKBP8	1	16	4	22	90	66
FLII	134	28	38	1	1	1
FLNA	124	20	16	26	14	1
FLNB	124	20	32	20	6	1
FLOT2	1	1	22	138	38	1
FMNL1	38	16	30	74	34	8
FMR1	6	1	102	32	58	1
FNBP1	70	4	20	56	52	1
FNBP1L	40	6	34	86	36	1
FNDC3A	1	44	24	28	76	30
FNDC3B	1	1	16	58	104	24
FRG1	26	68	62	32	10	4
FTH1	62	24	62	48	1	1
FTSJ3	22	128	34	1	1	14
FUBP1	116	18	48	1	1	16
FUBP3	46	1	96	42	12	4
FUCA1	1	1	1	90	88	22
FUS	34	70	72	10	6	8
FXN	1	40	1	1	60	100
FXR1	32	4	120	30	10	1
FXR2	16	1	136	48	1	1
FXYD2	1	1	1	36	134	30
FYB	1	1	20	50	126	1
FYN	1	1	12	138	50	1
FYTTD1	24	148	1	1	1	28
G3BP1	16	1	94	44	44	1
G3BP2	30	1	134	20	14	1
GAA	1	1	6	76	88	32
GADD45GIP1	1	32	1	1	68	98
GALK1	158	28	14	1	1	1
GALNT1	1	1	34	120	48	1
GANAB	28	18	8	52	80	14
GAPVD1	118	66	18	1	1	1
GAR1	1	4	64	38	80	14
GARS	124	40	12	1	4	20
GART	152	14	32	4	1	1
GAS7	1	1	4	138	56	1
GATAD2B	14	96	20	18	1	54
GATM	1	18	1	4	56	122
GBA	1	1	34	128	32	6
GBAS	1	54	1	1	42	102
GBE1	148	52	1	1	1	1
GCAT	1	40	1	1	26	132
GCLC	150	16	36	1	1	1
GCN1L1	14	1	90	58	26	8
GDI1	120	34	46	1	1	1
GDI2	128	46	10	8	6	4
GEMIN5	10	4	86	100	1	1
GFM1	1	18	1	6	34	142
GFM2	1	60	1	1	18	122
GFPT1	158	12	30	1	1	1
GHITM	1	20	1	28	82	70
GIGYF2	30	1	114	54	1	1
GK	14	36	10	4	28	108
GLA	1	1	6	46	114	36
GLB1	1	1	8	92	80	20
GLG1	1	64	24	50	38	22
GLOD4	118	32	32	1	6	10
GLRX	134	30	38	1	1	1
GLRX5	1	62	1	1	22	116
GLS	1	40	1	1	56	104
GLUD1	1	12	1	4	36	146
GMFB	144	26	32	1	1	1
GMPPA	132	36	32	1	1	1
GMPR2	114	32	36	1	1	16
GMPS	128	44	26	1	1	1
GNA13	1	6	16	142	26	10
GNAI2	1	1	12	154	26	6
GNAI3	6	6	1	142	38	6
GNAQ	1	1	4	118	76	1
GNAS	1	1	4	164	30	1
GNB1	18	36	24	84	18	20
GNB2	1	1	12	172	12	1
GNB2L1	18	12	90	22	48	10
GNL2	40	98	60	1	1	1
GNL3	22	88	70	6	1	14
GNL3L	36	118	22	18	1	6
GNPDA1	162	28	10	1	1	1
GNS	1	18	10	62	82	28
GOLGA2	22	1	90	80	8	1
GOLGA5	1	1	34	68	72	26
GOLGB1	56	46	12	28	42	16
GOLT1B	1	12	18	26	104	38
GOT1	154	14	32	1	1	1
GOT2	1	18	1	4	30	148
GPATCH4	10	56	98	36	1	1
GPD1L	116	32	18	12	20	1
GPD2	1	32	1	6	34	128
GPI	172	16	6	1	4	1
GPNMB	1	12	10	58	96	22
GPR84	1	1	1	116	82	1
GPT2	1	56	1	1	16	128
GPX1	122	42	36	1	1	1
GRB2	102	1	78	10	6	1
GRHPR	176	1	24	1	1	1
GRIPAP1	152	20	30	1	1	1
GRN	1	1	36	62	82	18
GRPEL1	1	42	1	1	16	140
GRSF1	1	18	1	1	98	86
GRWD1	70	72	30	26	1	1
GSK3B	26	1	72	34	44	22
GSN	176	6	10	6	1	1
GSPT1	140	34	26	1	1	1
GSR	130	26	10	1	6	24
GSS	160	28	12	1	1	1
GSTO1	148	40	12	1	1	1
GTF2E1	94	46	60	1	1	1
GTF2F1	40	32	108	14	8	1
GTF2I	10	164	4	1	1	22
GTPBP1	50	32	66	32	6	14
GTPBP4	12	114	48	18	1	6
GTPBP8	1	1	1	1	44	156
GUF1	1	52	1	1	56	90
GUSB	1	1	4	98	82	14
H2AFY	14	134	18	1	14	18
HADH	1	24	1	6	52	116
HADHA	1	18	1	6	50	126
HADHB	1	16	1	8	34	140
HAGH	126	36	26	1	4	10
HARS	78	36	20	8	52	6
HARS2	1	36	1	1	42	120
HAX1	1	40	1	1	50	110
HCCS	1	60	1	1	24	116
HCFC1	22	144	22	1	1	10
HCK	4	6	16	132	32	10
HCLS1	158	4	30	6	4	1
HDGF	142	14	42	1	1	1
HDHD3	1	52	1	1	1	148
HDLBP	22	18	52	34	48	26
HEATR1	12	156	14	6	1	12
HEATR3	96	86	20	1	1	1
HEATR5B	50	14	62	74	1	1
HEXA	1	4	8	88	90	8
HEXB	1	8	6	88	78	18
HGSNAT	1	1	1	96	86	18
HIBADH	1	28	1	1	32	136
HIBCH	1	22	1	1	28	144
HINT1	118	40	12	14	1	16
HINT2	1	1	1	1	116	84
HIST1H1A	8	130	24	8	14	16
HIST1H1B	1	84	58	14	34	6
HIST1H1C	1	80	32	22	56	10
HIST1H1D	1	98	1	8	92	1
HIST1H1E	1	66	8	16	104	4
HIST1H2BC	8	92	1	44	54	1
HIST1H2BH	6	100	6	42	40	6
HIST1H3A	10	36	20	1	76	58
HIST2H2AC	26	116	1	1	30	28
HK1	6	18	1	6	60	110
HK2	38	20	16	8	48	70
HK3	146	34	18	1	1	1
HLTF	22	36	114	28	1	1
HMGB2	4	6	42	52	88	8
HMGCL	1	30	16	10	42	104
HMHA1	160	1	12	20	8	1
HMOX2	1	24	18	54	80	22
HNRNPA0	12	104	36	12	24	14
HNRNPA2B1	14	92	86	1	1	8
HNRNPA3	20	116	30	6	16	12
HNRNPC	4	68	6	48	62	12
HNRNPD	34	122	28	8	4	4
HNRNPF	92	98	1	1	4	1
HNRNPH2	64	84	32	6	8	4
HNRNPK	52	48	66	24	4	4
HNRNPL	24	144	18	4	4	4
HNRNPLL	62	76	58	1	1	1
HNRNPM	32	148	8	1	4	4
HNRNPU	28	130	34	1	1	4
HNRNPUL1	76	48	54	6	12	4
HP1BP3	16	130	1	1	30	20
HPRT1	122	24	46	8	1	1
HSD17B10	1	46	1	4	34	118
HSD17B11	4	88	12	34	36	26
HSD17B12	1	26	32	38	68	34
HSD17B4	1	1	40	36	112	8
HSD17B7	1	14	8	78	86	16
HSDL1	1	74	1	6	40	78
HSP90AA1	122	54	10	10	4	1
HSP90AB1	130	28	8	24	4	6
HSP90B1	26	12	22	68	58	14
HSPA14	40	4	126	12	16	1
HSPA4	162	12	22	1	1	1
HSPA4L	100	12	88	1	1	1
HSPA5	20	16	16	54	76	18
HSPA8	76	52	24	18	18	12
HSPA9	1	20	1	6	32	140
HSPD1	1	16	1	6	28	148
HSPE1	1	10	1	6	30	150
HSPH1	134	22	38	4	1	1
HTATSF1	38	160	1	1	1	1
HTRA2	1	16	1	8	62	114
HUWE1	54	36	26	82	1	1
HYOU1	34	26	16	46	56	22
IARS	82	22	76	16	1	1
IARS2	1	34	1	4	54	108
ICAM1	1	1	14	138	46	4
IDE	110	16	66	1	4	1
IDH1	150	20	14	4	8	4
IDH2	1	18	1	8	30	140
IDH3A	1	48	1	4	30	120
IDH3B	6	14	1	4	54	122
IDH3G	1	22	1	4	60	114
IFI30	1	1	6	54	102	38
IFI35	22	6	126	34	10	1
IFI44	134	12	42	8	4	1
IFIH1	96	16	36	32	20	1
IFIT1	78	10	64	46	1	1
IFITM2	1	1	12	136	50	1
IFITM3	1	1	18	132	34	16
IGF2BP2	1	1	122	74	1	1
IGF2BP3	4	1	136	56	1	1
IGF2R	8	1	16	90	84	1
IGSF8	1	1	4	88	92	14
IK	36	54	104	1	1	6
IL1A	50	72	76	1	1	1
IL1RN	146	26	6	14	6	1
ILF2	30	112	26	12	1	18
ILF3	32	82	70	8	1	6
ILK	22	4	36	98	36	1
ILKAP	36	54	62	48	1	1
ILVBL	1	8	22	36	96	36
IMMT	1	28	1	1	44	128
IMP3	12	54	26	8	96	4
IMP4	20	124	24	18	1	14
IMPA1	140	52	8	1	1	1
IMPDH2	46	4	78	70	1	1
INPP5D	36	18	56	84	6	1
INPPL1	106	44	42	8	1	1
INTS12	1	172	1	1	1	26
INTS4	14	166	1	1	1	20
INTS6	50	110	1	1	6	34
IPO11	110	20	70	1	1	1
IPO4	134	22	42	1	1	1
IPO5	160	14	22	6	1	1
IPO7	106	78	8	6	1	1
IQGAP1	30	4	12	52	92	12
IQGAP2	76	1	38	66	20	1
IRF2BP2	72	100	1	1	1	28
IRF5	158	42	1	1	1	1
IRG1	1	8	1	8	42	140
IRGM	8	4	28	108	48	4
ISCA2	1	12	1	1	54	136
ISG20L2	22	128	1	1	1	50
ISY1	70	104	26	1	1	1
ISYNA1	176	6	18	1	1	1
ITGA4	1	1	28	140	30	1
ITGA5	1	1	1	142	58	1
ITGAV	1	1	8	128	46	18
ITGB1	1	1	8	136	56	1
ITGB2	1	4	8	134	48	6
IVD	1	22	1	26	74	78
JAK1	1	1	18	124	60	1
KARS	50	8	28	8	76	30
KBTBD11	90	84	26	1	1	1
KCNAB2	10	8	104	46	28	6
KCTD12	80	12	74	28	4	1
KDELR1	1	1	16	88	94	1
KHDRBS1	6	156	10	6	12	12
KHSRP	124	38	30	6	1	1
KIAA0020	20	160	6	1	1	14
KIF2A	42	54	72	24	1	8
KIF5B	84	8	30	10	48	20
KIFC1	40	150	1	1	1	12
KLC2	102	1	32	1	52	14
KMT2D	8	92	1	44	56	1
KPNA6	98	102	1	1	1	1
KPNB1	140	30	24	1	1	1
KRAS	1	1	1	138	62	1
KRR1	4	38	94	54	1	10
KRT1	1	60	8	18	82	28
KRT6A	1	56	10	70	50	14
KRT76	12	10	50	80	46	1
KTI12	74	8	16	40	60	1
KTN1	4	36	30	38	74	18
L2HGDH	1	34	1	8	68	92
LACTB2	80	12	6	4	66	32
LAMP1	1	12	12	114	52	10
LAMP2	1	1	18	132	48	4
LAP3	16	20	1	6	28	128
LARP1	72	4	110	10	1	1
LARP4B	16	14	100	60	6	4
LARP7	66	52	76	1	1	1
LARS	114	52	32	1	1	1
LARS2	1	28	1	1	70	104
LAS1L	24	96	70	1	1	10
LASP1	148	22	6	20	4	1
LBR	1	80	18	28	50	22
LCP1	76	6	8	90	20	1
LCP2	90	64	22	22	1	1
LDHA	172	12	6	6	1	1
LETM1	1	44	1	8	26	122
LGALS1	144	38	4	10	4	1
LGALS3	58	12	22	34	66	8
LGALS3BP	1	1	16	122	54	4
LGALS8	1	1	26	144	26	4
LGALS9	8	14	50	106	24	1
LGMN	14	1	42	86	50	6
LIAS	1	28	1	1	76	98
LIG1	112	28	60	1	1	1
LIG3	8	172	10	1	8	4
LILRB4	1	1	4	136	56	1
LIMD2	16	158	10	4	1	12
LIMS1	10	1	70	90	28	1
LMAN1	6	4	32	96	60	4
LMAN2	1	4	6	18	146	26
LMBRD2	1	1	1	108	92	1
LMF2	1	1	28	82	66	22
LMNA	4	158	8	1	14	14
LMNB1	4	164	4	4	8	14
LMNB2	6	116	1	1	56	22
LNPEP	1	6	8	38	18	130
LONP1	1	14	1	8	54	122
LPCAT4	1	46	12	24	62	54
LPXN	96	20	38	34	12	1
LRBA	132	22	46	1	1	1
LRCH1	32	1	84	84	1	1
LRCH4	14	14	64	76	24	8
LRMP	1	1	18	86	94	1
LRP1	1	1	18	112	64	4
LRPPRC	1	12	1	8	34	144
LRRC40	52	14	132	1	1	1
LRRC47	70	22	56	52	1	1
LRRC59	1	14	46	56	60	24
LRRFIP1	166	16	18	1	1	1
LSM12	50	1	116	34	1	1
LSM14A	70	32	88	10	1	1
LSM2	8	192	1	1	1	1
LSM3	48	122	14	6	1	8
LSM8	42	120	30	4	1	4
LSP1	46	34	8	62	22	28
LSS	1	20	10	44	106	18
LTA4H	124	10	66	1	1	1
LTV1	94	6	92	8	1	1
LUC7L	22	72	44	22	1	40
LUC7L2	32	14	72	60	18	1
LUZP1	20	1	106	74	1	1
LY9	1	1	1	126	66	4
LYAR	10	134	24	14	1	18
LYN	1	1	14	124	60	1
LYZ	1	1	30	52	94	22
M6PR	4	1	46	98	52	1
MACF1	12	20	24	10	80	52
MAD1L1	38	156	1	1	1	6
MAK16	6	156	4	1	1	30
MALT1	34	34	1	90	42	1
MAN2A1	1	10	40	74	62	14
MAN2B1	1	1	12	48	76	64
MAOA	1	46	1	1	42	112
MAP2K1	136	14	30	8	8	4
MAP4	92	1	94	12	1	1
MAP4K4	1	1	1	116	70	14
MAPK14	104	42	54	1	1	1
MAPK9	154	46	1	1	1	1
MAPRE1	114	14	72	1	1	1
MAPRE2	138	44	18	1	1	1
MARCKS	88	1	12	66	34	1
MARCKSL1	10	1	4	126	48	8
MARK2	1	1	58	92	48	1
MARS	90	22	60	16	10	4
MAT2A	148	32	16	1	1	6
MAT2B	126	20	54	1	1	1
MATR3	6	162	4	4	1	24
MBD2	42	158	1	1	1	1
MCCC1	1	22	1	1	100	76
MCCC2	1	24	1	14	78	86
MCEE	1	1	1	1	46	154
MCL1	1	42	1	1	72	86
MCM2	114	70	14	1	1	1
MCM3	78	30	56	32	1	1
MCM4	60	86	16	1	1	38
MCM5	66	86	28	14	1	1
MCM6	78	110	12	1	1	1
MCM7	78	62	58	1	1	1
MDH1	170	10	12	1	1	1
MDH2	1	20	1	8	28	140
ME2	1	14	1	4	38	142
MECR	1	20	1	12	78	92
MED15	60	108	1	1	1	32
METAP1	64	1	72	36	28	1
METAP2	68	20	84	28	1	1
MFN1	1	48	1	1	76	76
MFN2	1	80	1	1	44	78
MFSD1	1	1	12	130	58	1
MGAT1	1	62	1	68	40	30
MGEA5	118	72	8	1	1	1
MIA3	1	1	4	80	102	14
MICALL2	1	1	100	100	1	1
MICU2	1	48	1	1	46	104
MIF	174	8	12	6	1	1
MIPEP	1	66	1	1	16	118
MKI67	22	120	6	4	1	48
MLLT4	1	1	20	134	42	1
MNAT1	80	120	1	1	1	1
MOB1A	90	10	20	72	8	1
MOCS3	26	80	74	1	1	20
MOGS	1	8	16	52	108	18
MORC3	10	164	1	1	1	26
MOV10	6	1	112	78	4	1
MPEG1	1	1	4	56	102	34
MPHOSPH10	10	44	68	1	1	78
MPP1	12	30	22	92	28	14
MPP6	1	1	10	128	56	4
MPST	46	28	18	6	34	66
MRE11A	14	106	1	1	50	26
MRPL1	1	38	1	1	38	124
MRPL11	1	60	1	1	26	114
MRPL12	1	50	1	1	28	122
MRPL13	1	46	1	14	44	96
MRPL14	1	12	1	1	36	152
MRPL15	1	14	1	1	58	126
MRPL16	1	42	1	6	42	110
MRPL18	4	50	1	1	16	132
MRPL19	1	40	1	4	38	118
MRPL2	12	50	1	1	20	118
MRPL21	1	42	1	1	62	96
MRPL22	1	78	1	8	16	98
MRPL23	1	18	1	14	96	70
MRPL24	1	30	1	1	108	62
MRPL3	1	48	1	1	30	120
MRPL37	1	22	1	4	70	104
MRPL38	1	30	1	26	34	112
MRPL39	1	18	1	4	60	116
MRPL4	1	18	1	1	94	88
MRPL40	1	56	1	1	22	122
MRPL41	1	76	1	1	18	106
MRPL44	1	8	1	1	84	110
MRPL45	1	36	1	1	74	90
MRPL46	1	50	1	1	20	128
MRPL47	1	32	1	1	42	126
MRPL49	1	32	1	1	70	98
MRPL50	1	1	1	1	90	108
MRPL53	1	70	1	1	32	98
MRPL9	1	46	1	1	52	102
MRPS10	1	62	1	1	16	122
MRPS11	1	26	1	1	46	124
MRPS16	1	66	1	1	1	132
MRPS17	1	1	1	1	76	124
MRPS18A	1	82	1	1	18	100
MRPS2	1	40	1	4	20	136
MRPS21	1	42	1	1	38	118
MRPS22	1	50	1	1	24	124
MRPS23	1	32	1	1	18	146
MRPS25	1	116	1	1	6	78
MRPS26	1	34	1	10	42	114
MRPS27	1	16	1	1	50	132
MRPS30	1	52	1	10	30	106
MRPS31	1	66	1	1	50	82
MRPS34	1	44	1	1	32	124
MRPS35	1	56	1	1	32	110
MRPS36	1	52	1	1	46	102
MRPS5	1	32	1	8	72	88
MRPS7	4	40	1	1	42	114
MRPS9	1	60	1	1	54	86
MRRF	1	74	1	1	1	124
MRTO4	16	80	82	6	1	16
MSH6	44	56	74	18	6	1
MSI2	4	1	146	50	1	1
MSN	8	1	14	152	26	1
MSR1	1	1	1	120	70	1
MSTO1	130	38	32	1	1	1
MTA2	10	160	8	1	1	20
MTA3	8	180	1	1	1	12
MTAP	152	32	16	1	1	1
MT-ATP8	1	46	6	8	1	140
MTCH2	1	8	1	12	72	106
MT-CO1	1	22	1	10	26	140
MT-CO2	1	18	1	4	24	152
MT-CO3	1	8	1	32	68	92
MTDH	1	34	28	36	70	28
MTHFD1	18	10	66	54	50	1
MTHFD1L	1	20	1	10	24	144
MTHFD2	1	36	4	6	28	124
MTIF2	1	74	1	1	62	64
MT-ND1	1	50	1	1	22	128
MT-ND2	1	96	1	1	48	56
MT-ND4	1	70	1	12	28	88
MT-ND5	1	12	1	1	90	96
MTPAP	1	14	1	1	98	88
MTPN	96	74	30	1	1	1
MTX1	1	26	1	12	64	98
MTX2	1	68	1	1	34	98
MUT	1	60	1	8	16	116
MVD	144	56	1	1	1	1
MVP	22	4	56	112	6	1
MYADM	4	1	10	58	114	12
MYBBP1A	4	128	46	12	1	6
MYEF2	20	174	1	1	1	8
MYH14	142	30	28	1	1	1
MYH9	146	18	22	8	4	1
MYL6	102	16	10	44	26	4
MYO19	1	20	1	1	56	124
MYO1C	4	6	10	50	116	14
MYO1E	32	22	26	94	24	1
MYO1F	82	22	8	66	20	1
MYO1G	1	6	10	100	74	10
MYO5A	24	36	70	60	8	1
MYO9B	78	72	50	1	1	1
NAA40	14	104	16	18	10	38
NAA50	126	1	72	1	1	1
NACA	118	20	32	30	1	1
NAE1	144	1	56	1	1	1
NAGLU	14	16	10	104	54	4
NAGPA	1	1	34	86	58	22
NAMPT	160	14	26	1	1	1
NANS	98	52	42	4	1	1
NAP1L1	142	46	1	6	4	1
NAP1L4	130	66	1	1	1	1
NAPA	32	22	54	54	30	6
NAPG	44	4	62	52	34	4
NARS	144	16	36	1	1	1
NASP	158	20	22	1	1	1
NAT10	18	90	48	34	8	4
NCAPD2	16	86	36	34	8	22
NCAPG	28	12	108	44	6	1
NCAPH	38	44	84	6	26	1
NCBP1	72	84	22	22	1	1
NCF1	26	10	58	76	24	6
NCF2	86	12	46	44	8	4
NCF4	122	50	16	1	1	12
NCKAP1L	12	4	70	78	36	1
NCL	28	74	80	8	6	1
NCLN	1	10	6	20	118	46
NCOA5	16	172	1	1	1	14
NCOR1	24	156	1	1	1	20
NCOR2	30	154	1	1	1	18
NCSTN	1	1	16	120	60	4
NDC1	1	38	20	56	74	14
NDRG1	62	6	24	76	30	1
NDRG2	140	38	20	1	1	1
NDUFA10	1	26	1	4	66	104
NDUFA13	1	56	1	1	16	124
NDUFA2	1	72	1	1	42	86
NDUFA3	1	16	1	1	60	124
NDUFA4	1	18	1	10	26	144
NDUFA7	1	20	1	1	46	134
NDUFA9	1	22	1	1	38	138
NDUFAB1	1	42	1	1	36	120
NDUFB11	1	1	1	1	74	124
NDUFB6	1	26	1	1	32	142
NDUFB9	1	110	1	1	1	90
NDUFS1	1	26	1	6	42	124
NDUFS2	1	28	1	6	50	114
NDUFS3	1	14	1	1	44	138
NDUFS4	1	62	1	20	16	102
NDUFS6	1	32	1	1	106	62
NDUFS7	1	32	1	10	72	84
NDUFS8	1	58	1	1	26	116
NDUFV1	1	42	1	4	46	108
NDUFV2	1	20	1	4	62	112
NECAP2	74	1	20	70	34	1
NEDD8	102	42	50	1	1	8
NEMF	34	26	56	38	36	8
NEU1	1	56	6	66	46	28
NFKB1	60	56	50	32	1	1
NFKB2	86	90	24	1	1	1
NFS1	4	32	1	4	30	130
NFU1	1	92	1	1	10	96
NGDN	4	92	68	32	1	4
NHP2	4	72	64	38	12	10
NIFK	12	106	42	28	1	12
NIPBL	22	178	1	1	1	1
NIPSNAP1	1	48	1	8	42	102
NIPSNAP3B	1	82	1	1	22	94
NISCH	108	28	64	1	1	1
NIT2	62	10	22	6	10	90
NKRF	1	194	1	1	1	4
NLE1	72	80	36	12	1	1
NME2	148	24	20	4	1	4
NMI	28	1	122	48	1	1
NMRAL1	108	80	6	1	4	1
NMT1	26	6	54	26	50	36
NNT	1	50	1	4	16	130
NOB1	38	22	96	44	1	1
NOC2L	10	116	38	30	1	6
NOC3L	12	106	62	20	1	1
NOC4L	6	172	14	1	4	1
NOL10	26	164	8	1	1	1
NOL11	14	154	14	8	1	12
NOL6	24	132	18	14	1	10
NOL8	18	82	52	48	1	1
NOLC1	4	72	88	24	8	4
NOMO1	1	18	34	50	74	22
NONO	8	160	14	6	1	10
NOP14	12	166	10	1	1	10
NOP2	4	160	18	10	1	8
NOP56	6	130	38	12	1	12
NOP58	14	112	50	6	1	18
NOS2	106	48	8	28	10	1
NPC2	1	6	1	96	96	1
NPEPPS	138	16	24	1	8	12
NPLOC4	80	50	70	1	1	1
NPM1	38	40	116	4	1	1
NPM3	84	22	92	1	1	1
NPTN	1	1	6	144	48	1
NRD1	110	50	40	1	1	1
NSDHL	1	18	8	74	90	10
NSF	8	12	58	84	32	4
NSFL1C	134	36	28	1	1	4
NSUN2	88	78	28	4	1	1
NSUN5	20	88	92	1	1	1
NT5DC2	1	24	1	4	40	132
NT5DC3	1	48	1	14	40	96
NUBP2	96	70	4	1	1	30
NUCB1	34	1	38	78	30	16
NUCB2	24	1	16	68	78	14
NUCKS1	106	66	26	1	1	1
NUDC	174	6	20	1	1	1
NUDCD2	136	64	1	1	1	1
NUDT13	1	1	1	1	34	166
NUDT5	176	8	16	1	1	1
NUDT7	22	1	136	18	20	4
NUFIP2	14	1	86	84	14	1
NUMA1	16	156	10	6	1	10
NUP133	12	156	12	1	1	22
NUP153	20	164	1	1	1	16
NUP155	18	150	14	10	4	4
NUP160	22	172	4	1	1	1
NUP205	48	54	54	40	1	4
NUP210	6	100	4	8	36	46
NUP214	50	60	76	1	1	12
NUP35	8	168	4	1	10	10
NUP43	24	122	28	10	4	12
NUP62	26	104	12	8	1	50
NUP93	24	152	4	4	1	16
NUP98	26	150	1	1	4	20
NVL	38	150	1	1	1	12
NXF1	14	98	20	34	4	32
OAS3	22	1	102	34	36	4
OAT	1	8	1	1	40	150
OGDH	1	12	1	4	80	102
OGT	24	96	30	44	1	6
OLA1	138	32	30	1	1	1
OPA1	1	32	1	1	74	94
ORC1	6	166	1	1	1	28
ORC3	32	140	1	1	1	28
ORC5	16	164	1	1	1	18
OS9	1	1	34	58	82	24
OSBP	82	40	46	32	1	1
OSBPL8	1	12	8	74	86	20
OTUD4	62	1	106	32	1	1
OXA1L	1	82	1	12	18	88
OXCT1	6	26	8	38	48	74
OXSR1	94	54	52	1	1	1
P4HA1	4	1	60	60	74	1
P4HB	34	8	10	46	88	14
PA2G4	44	8	68	38	38	4
PABPC1	28	6	110	26	24	4
PABPN1	52	106	28	10	1	4
PAF1	46	120	1	1	1	34
PAFAH1B1	146	34	20	1	1	1
PAFAH1B2	124	66	10	1	1	1
PAICS	86	46	20	22	18	4
PAK1	74	1	60	62	1	1
PAK1IP1	30	88	62	8	6	8
PAK2	154	12	32	1	1	1
PARD3B	1	1	8	122	68	1
PARK7	138	14	16	10	12	10
PARN	54	48	100	1	1	1
PARP1	10	136	16	14	14	10
PARP14	12	38	80	52	14	4
PARP9	12	4	96	70	18	1
PARS2	1	1	68	44	70	14
PARVG	8	1	36	118	34	1
PBRM1	10	92	1	1	84	14
PBXIP1	1	1	12	24	106	58
PC	1	16	1	1	42	142
PCBP1	78	54	38	10	6	18
PCBP2	76	6	90	20	6	1
PCCA	1	48	1	1	24	122
PCCB	1	26	1	1	66	106
PCK2	1	14	1	8	56	122
PCM1	50	1	98	52	1	1
PCMT1	152	36	12	1	1	1
PCNA	152	26	20	1	1	1
PCYOX1	1	100	1	26	26	46
PDAP1	116	24	14	36	10	1
PDCD10	62	38	38	62	1	1
PDCD11	6	168	10	1	1	12
PDCD6IP	110	12	56	18	1	1
PDE2A	1	50	1	1	48	100
PDHA1	1	22	1	4	20	154
PDHB	1	34	1	6	32	128
PDHX	1	12	16	64	48	60
PDIA3	16	12	16	54	82	18
PDIA4	30	6	40	60	54	10
PDIA5	1	1	58	34	78	30
PDK1	1	42	1	1	44	114
PDK3	1	28	1	14	28	128
PDLIM5	40	30	24	28	68	12
PDS5A	8	150	8	6	4	22
PDXDC1	76	38	20	1	1	66
PDXK	128	60	14	1	1	1
PDZD8	1	1	30	44	98	28
PEBP1	162	18	14	4	1	1
PES1	16	140	26	8	1	12
PEX1	1	1	116	64	14	6
PEX11B	1	1	44	42	90	24
PEX14	12	1	114	42	32	1
PEX16	6	1	82	30	76	6
PFAS	90	24	86	1	1	1
PFKL	76	88	14	10	8	4
PFKP	82	56	24	18	14	8
PFN1	162	20	4	8	4	1
PGAM1	168	16	8	1	4	1
PGAM5	1	10	4	4	40	144
PGD	146	12	24	8	4	6
PGK1	168	14	8	4	6	1
PGLS	134	46	16	1	1	1
PGM1	156	22	22	1	1	1
PGM3	178	10	12	1	1	1
PGRMC1	1	18	14	76	86	4
PGRMC2	1	18	30	80	64	8
PGS1	1	70	1	1	26	104
PHF3	62	128	1	1	1	10
PHF5A	12	170	6	4	1	8
PHGDH	164	20	6	4	1	4
PHYH	1	1	30	36	106	28
PI4K2A	1	1	12	94	82	14
PICALM	34	1	84	60	20	1
PIGK	1	24	20	90	58	8
PIGS	1	1	50	86	58	4
PIGU	1	32	8	38	52	72
PIK3AP1	116	22	62	1	1	1
PIK3C2A	8	1	116	76	1	1
PIK3R4	46	12	44	56	32	10
PISD	1	32	1	1	60	108
PITPNA	136	24	40	1	1	1
PITRM1	1	32	1	8	64	96
PKN1	122	34	44	1	1	1
PLA2G4A	142	30	14	4	4	6
PLAA	130	14	56	1	1	1
PLCB3	4	1	16	138	40	1
PLCB4	1	1	26	128	46	1
PLCG2	138	26	28	8	1	1
PLD3	1	1	8	62	100	30
PLD4	18	1	14	82	72	12
PLEC	42	24	72	32	22	8
PLEK	66	14	28	76	12	1
PLOD1	12	8	36	78	56	12
PLOD3	8	6	12	24	122	26
PLP2	1	1	1	136	62	1
PLRG1	16	148	1	1	1	34
PLS3	36	1	8	84	70	1
PLXNB2	1	1	4	96	82	16
PMM2	156	10	34	1	1	1
PMPCA	1	38	1	4	52	106
PMPCB	1	48	1	1	24	126
PMVK	168	30	1	1	1	1
PNKP	4	82	52	52	1	10
PNN	20	172	4	1	1	1
PNO1	1	174	1	1	1	26
POGZ	28	144	1	1	1	28
POLA2	124	50	26	1	1	1
POLD1	114	16	70	1	1	1
POLDIP2	1	12	1	16	38	136
POLDIP3	16	80	62	24	1	16
POLR1C	26	48	8	1	100	18
POLR1E	24	128	6	4	1	38
POLR2A	60	104	26	1	1	8
POLR2B	20	146	1	1	1	34
POLR2C	90	110	1	1	1	1
POLR2E	38	64	58	14	1	28
POLR2G	50	140	1	1	1	10
POLR2H	114	36	50	1	1	1
POLRMT	1	48	1	1	34	118
PON2	8	6	52	38	62	32
PON3	1	6	22	32	104	36
POP1	20	82	80	18	1	1
POR	6	58	18	52	44	24
PPA1	128	8	64	1	1	1
PPA2	1	20	1	1	110	68
PPAN	26	64	102	4	1	4
PPAT	88	20	92	1	1	1
PPIA	150	10	10	18	8	4
PPID	144	26	22	6	4	1
PPIF	1	28	1	4	28	140
PPIG	26	124	20	6	1	24
PPM1B	168	32	1	1	1	1
PPM1F	178	22	1	1	1	1
PPM1G	134	38	28	1	1	1
PPOX	1	60	1	1	40	100
PPP1CA	64	72	18	32	10	4
PPP1CB	56	66	18	62	1	1
PPP1R7	118	68	14	1	1	1
PPP1R8	36	160	1	1	1	4
PPP2CA	88	48	38	24	1	1
PPP2R1A	90	20	18	42	28	1
PPP2R2A	130	14	40	1	10	4
PPP2R4	104	56	40	1	1	1
PPP2R5D	116	42	42	1	1	1
PPP4R2	130	42	30	1	1	1
PPP5C	174	1	26	1	1	1
PPP6R1	148	1	50	1	1	1
PPP6R3	132	20	46	1	1	1
PPT1	1	1	12	98	64	24
PQBP1	34	56	1	1	1	110
PRDX1	36	38	34	56	22	14
PRDX2	130	30	14	10	16	1
PRDX3	1	34	1	8	16	142
PRDX4	10	64	20	62	20	26
PRDX5	10	18	6	8	30	128
PRDX6	134	48	12	6	1	1
PREB	1	16	38	90	50	6
PREP	132	50	6	1	8	4
PRIM1	112	46	42	1	1	1
PRIM2	148	52	1	1	1	1
PRKACB	90	38	8	56	8	1
PRKAR1A	132	58	10	1	1	1
PRKCD	136	28	34	1	1	1
PRKCSH	38	4	42	70	40	8
PRMT1	144	42	12	1	1	1
PRMT5	108	24	68	1	1	1
PROSC	84	26	16	1	1	72
PRPF19	10	158	16	1	1	10
PRPF3	28	128	22	1	1	20
PRPF31	88	48	62	1	1	1
PRPF38A	18	124	28	14	1	16
PRPF4	22	132	26	6	1	12
PRPF40A	60	80	50	1	1	8
PRPF4B	22	128	18	22	1	12
PRPF6	18	120	46	6	1	10
PRPF8	12	124	32	16	1	14
PRPS1	70	130	1	1	1	1
PRPSAP1	142	50	10	1	1	1
PRPSAP2	118	68	16	1	1	1
PRRC2A	66	62	62	8	1	1
PSAT1	156	30	4	4	1	6
PSIP1	10	162	1	1	1	30
PSMA1	84	32	46	36	1	1
PSMA2	100	56	38	6	1	1
PSMA3	132	48	10	8	1	1
PSMA4	132	42	26	1	1	1
PSMA6	76	44	44	24	1	12
PSMA7	132	30	22	10	4	4
PSMB1	126	44	18	10	1	1
PSMB10	116	32	48	1	1	1
PSMB2	112	38	28	20	1	1
PSMB3	94	64	30	12	1	1
PSMB4	46	32	50	66	1	6
PSMB5	96	22	76	6	1	1
PSMB6	158	10	30	1	1	1
PSMB7	98	20	66	18	1	1
PSMB8	116	34	40	6	1	1
PSMB9	116	24	62	1	1	1
PSMC1	108	64	16	8	1	4
PSMC2	128	42	20	8	1	1
PSMC4	104	58	26	10	1	1
PSMC5	106	50	28	10	1	4
PSMC6	108	66	14	6	1	4
PSMD1	102	46	38	12	1	1
PSMD10	134	38	28	1	1	1
PSMD11	120	48	24	4	1	4
PSMD12	110	66	12	8	1	4
PSMD13	84	30	38	46	1	1
PSMD14	114	34	40	6	1	8
PSMD2	124	22	46	6	1	1
PSMD3	90	58	42	6	1	1
PSMD4	92	50	52	1	1	6
PSMD5	124	24	52	1	1	1
PSMD6	100	42	54	6	1	1
PSMD7	92	60	20	1	14	10
PSMD8	84	82	22	12	1	1
PSMD9	142	28	32	1	1	1
PSME1	118	72	10	1	1	1
PSME2	102	78	14	6	1	1
PSME3	68	8	24	1	88	12
PSPC1	28	156	10	1	1	1
PSPH	150	8	44	1	1	1
PSTPIP1	8	1	22	102	68	1
PSTPIP2	18	1	32	70	74	8
PTBP1	10	28	98	50	8	6
PTBP3	14	134	28	6	1	16
PTCD1	1	58	1	1	54	88
PTCD2	1	1	1	1	66	134
PTCD3	1	24	1	4	52	120
PTGES2	1	38	1	6	106	50
PTGES3	138	44	10	1	6	1
PTGR2	180	20	1	1	1	1
PTGS1	1	1	1	84	92	24
PTGS2	1	82	14	28	32	44
PTK2B	124	26	38	8	4	1
PTMA	152	1	10	30	10	1
PTMS	106	14	58	12	10	1
PTPLAD1	1	22	4	76	82	12
PTPLB	1	1	18	68	112	1
PTPN1	8	52	20	12	68	40
PTPN6	64	28	68	26	8	6
PTPRA	1	1	8	88	84	20
PTPRC	1	1	26	120	40	16
PTRH2	1	12	12	12	74	92
PUM2	36	1	164	1	1	1
PURB	76	12	82	16	1	14
PUS7	140	22	38	1	1	1
PUSL1	1	14	1	1	54	132
PVR	1	1	1	140	60	1
PWP2	6	92	50	6	36	10
PXK	1	1	30	54	96	18
PYCR2	1	62	4	6	26	106
PYCRL	118	24	58	1	1	1
PYGB	154	36	10	1	1	1
QARS	124	16	44	16	1	1
QRSL1	1	28	1	1	86	86
RAB10	16	8	52	76	34	14
RAB11B	6	6	18	104	58	8
RAB11FIP5	1	1	48	50	90	12
RAB14	8	6	32	96	52	8
RAB15	6	18	12	38	92	34
RAB18	4	52	8	24	68	42
RAB1A	1	1	12	100	82	1
RAB1B	12	48	24	58	32	28
RAB21	1	18	14	44	80	44
RAB22A	20	16	60	46	46	12
RAB24	1	52	1	1	86	62
RAB2A	6	14	26	82	48	24
RAB31	22	4	48	68	52	4
RAB32	8	26	28	94	32	12
RAB33B	6	18	12	38	92	34
RAB34	1	1	32	106	56	8
RAB35	4	42	18	58	36	42
RAB39A	8	4	20	50	80	38
RAB3GAP1	30	14	28	40	72	18
RAB5A	10	4	30	88	48	20
RAB5C	4	6	26	102	54	8
RAB6A	6	8	14	82	78	12
RAB7A	4	18	16	76	58	28
RAB8A	8	28	10	34	90	30
RAB8B	12	30	28	38	64	26
RABGAP1	122	1	78	1	1	1
RABGGTA	146	54	1	1	1	1
RAC1	26	1	14	112	42	1
RAC2	22	14	18	88	48	10
RAD21	4	152	1	14	18	10
RAD23B	154	36	8	1	1	1
RAD50	8	128	26	6	6	26
RAE1	16	48	56	62	8	12
RALA	1	1	8	80	100	12
RALB	1	1	16	166	16	1
RALY	6	142	24	8	1	20
RANBP1	162	22	16	1	1	1
RANBP2	24	90	46	12	8	20
RANBP3	148	14	38	1	1	1
RANBP9	112	88	1	1	1	1
RANGAP1	36	100	20	14	6	24
RAP1A	1	4	6	96	94	1
RAP1GDS1	148	36	16	1	1	1
RAP2B	1	1	1	48	130	18
RAPH1	1	1	38	108	54	1
RARS	144	16	34	4	1	1
RARS2	1	54	1	12	56	78
RASA4	28	14	88	58	12	1
RASSF4	152	34	14	1	1	1
RAVER1	40	34	106	16	1	1
RBBP4	10	154	10	1	1	24
RBBP6	10	162	1	1	1	28
RBBP7	48	136	10	1	1	6
RBM10	30	72	76	16	1	6
RBM12	98	72	32	1	1	1
RBM14	6	128	22	14	22	6
RBM15	46	104	6	1	1	42
RBM17	52	64	76	6	1	1
RBM19	14	144	20	1	1	20
RBM25	34	106	46	12	1	1
RBM26	24	126	36	1	1	14
RBM27	12	182	1	1	1	6
RBM28	12	96	52	30	1	10
RBM33	20	96	86	1	1	1
RBM34	14	72	74	36	1	6
RBM39	8	130	20	16	4	24
RBM8A	46	96	58	1	1	1
RBMS1	50	1	130	22	1	1
RBMX2	12	1	88	58	42	1
RBMXL1	6	168	8	1	1	14
RBPJ	8	132	28	14	1	16
RCC1	8	108	38	30	4	10
RCC2	24	74	60	12	16	14
RCL1	30	78	80	6	1	6
RCN2	16	1	30	74	60	18
RDH11	1	6	28	48	84	34
RDH13	1	60	1	1	36	106
RDH14	6	94	1	1	60	40
RDX	24	4	20	110	36	6
REEP5	1	12	46	64	70	10
REL	64	110	26	1	1	1
RER1	8	20	46	94	32	1
REXO2	1	16	1	1	60	122
REXO4	32	60	50	52	1	6
RFC1	18	156	1	1	1	22
RFC2	22	128	14	1	1	36
RFC3	34	80	66	8	1	14
RFC4	30	86	56	28	1	1
RFTN1	1	1	1	136	56	4
RHOA	30	6	22	104	40	1
RHOG	6	1	8	150	32	1
RHOT1	1	26	1	6	42	124
RHOT2	1	52	1	6	28	114
RIC8A	68	48	84	1	1	1
RIF1	34	142	1	1	1	24
RIOK3	78	22	30	70	1	1
RIPK3	116	36	6	42	1	1
RNF149	1	1	16	116	62	6
RNF170	1	1	62	38	88	12
RNF20	36	154	1	1	1	10
RNF40	36	136	6	1	10	12
RNH1	134	40	22	1	1	1
RNMT	120	14	66	1	1	1
RNMTL1	1	54	1	1	56	90
RNPEP	92	92	18	1	1	1
RNPS1	26	142	14	1	1	14
ROCK2	76	14	20	48	44	1
RP2	1	1	8	138	54	1
RPAP3	60	1	96	44	1	1
RPE	172	10	18	1	1	1
RPF1	50	62	66	1	1	24
RPF2	4	146	18	8	14	10
RPL10	10	4	66	38	72	10
RPL10A	28	12	94	36	28	4
RPL11	14	48	64	30	22	22
RPL12	22	18	108	30	14	10
RPL13	26	16	92	36	28	6
RPL13A	10	12	72	48	48	8
RPL14	30	28	64	28	36	12
RPL15	26	6	108	36	24	1
RPL17	30	10	94	28	34	6
RPL18	30	46	72	28	14	10
RPL18A	14	20	66	38	50	12
RPL19	16	16	92	40	26	10
RPL23	24	28	96	28	12	12
RPL24	22	22	54	32	60	10
RPL26	18	14	80	52	30	6
RPL28	24	6	72	48	50	1
RPL29	6	6	50	56	76	6
RPL30	28	30	52	40	44	8
RPL32	38	24	70	40	22	6
RPL35	10	12	70	48	50	8
RPL4	20	16	74	48	42	4
RPL6	14	16	84	34	40	12
RPL7	18	22	64	34	48	12
RPL8	40	32	70	30	22	4
RPLP0	26	12	90	22	42	8
RPLP1	66	72	34	14	8	6
RPN1	1	18	20	44	92	26
RPN2	1	22	12	46	92	26
RPS10	40	26	60	26	42	6
RPS11	36	26	98	20	14	6
RPS14	48	20	92	8	24	8
RPS15	66	8	106	14	6	1
RPS16	26	32	78	26	26	12
RPS17	40	18	92	16	28	6
RPS18	20	8	96	28	40	8
RPS19	42	14	96	20	22	6
RPS20	44	8	100	22	24	1
RPS21	28	8	106	32	22	4
RPS23	26	10	72	32	60	1
RPS24	16	6	96	38	40	6
RPS28	44	44	50	18	28	16
RPS3	30	12	76	30	48	4
RPS3A	24	8	112	30	24	4
RPS4X	22	14	90	30	38	6
RPS5	24	6	100	30	34	4
RPS6	40	40	78	20	14	8
RPS7	30	14	94	22	34	8
RPS9	34	20	96	18	22	8
RRAS2	1	1	1	72	122	4
RRBP1	8	16	74	38	44	20
RRM1	112	58	32	1	1	1
RRP12	6	64	112	14	1	4
RRP15	18	76	24	22	1	60
RRP1B	12	116	40	30	1	1
RRP9	14	76	92	16	1	1
RRS1	12	150	22	6	1	10
RSBN1	28	86	70	16	1	1
RSF1	12	172	1	1	1	14
RSL1D1	1	130	26	24	1	16
RSU1	26	10	28	112	24	1
RTCB	32	26	78	28	32	6
RTN4	4	14	22	66	62	30
RUFY1	146	54	1	1	1	1
RUVBL1	46	102	16	16	10	8
RUVBL2	58	74	30	20	10	6
S100A10	120	1	14	50	18	1
S100A11	38	50	8	66	40	1
S100A4	64	22	10	46	50	10
SACM1L	1	6	32	54	86	20
SAE1	134	58	8	1	1	1
SAFB	14	68	68	32	1	18
SAMD9L	24	1	128	48	1	1
SAMHD1	50	18	52	8	52	16
SAMM50	1	28	1	8	72	92
SAP18	16	142	24	10	1	10
SARS	160	16	16	8	1	1
SARS2	1	56	1	1	44	96
SART1	24	128	24	10	1	14
SART3	94	78	28	1	1	1
SASH1	158	38	4	1	1	1
SBDS	78	1	120	1	1	1
SBF1	6	12	82	68	1	30
SCAMP1	1	1	32	100	60	6
SCAMP2	1	42	18	70	58	10
SCARB2	1	1	14	96	60	30
SCFD1	26	32	14	36	80	12
SCP2	8	1	90	44	46	14
SCPEP1	1	1	1	46	116	36
SCRIB	1	1	34	142	24	1
SCYL2	28	1	128	44	1	1
SDAD1	36	130	18	6	1	10
SDC4	1	1	22	90	88	1
SDCBP	1	1	28	112	46	16
SDF2L1	12	30	10	42	84	22
SDF4	1	1	14	90	96	1
SDHA	1	28	1	6	36	126
SDHB	1	8	1	8	64	120
SDHD	1	64	1	1	26	110
SEC11A	1	18	18	30	102	34
SEC11C	1	1	1	32	116	52
SEC13	74	72	36	1	1	18
SEC16A	56	66	78	1	1	1
SEC22B	1	34	24	64	54	20
SEC23A	8	1	106	46	34	6
SEC23B	10	4	50	50	84	1
SEC23IP	120	1	80	1	1	1
SEC24A	1	1	94	66	38	1
SEC24B	4	1	38	44	96	18
SEC24C	54	6	92	48	1	1
SEC31A	62	24	86	28	1	1
SEC61A1	1	38	36	74	36	16
SEC61B	1	1	100	40	58	1
SEC62	1	30	30	42	76	22
SEC63	1	12	12	46	104	24
SEL1L	1	26	24	64	68	18
SEMA4A	1	1	1	94	68	38
SENP3	28	72	78	1	1	20
SERBP1	42	1	128	12	16	1
SERHL	1	1	36	28	96	36
SF1	28	104	32	16	1	16
SF3A1	18	128	16	16	1	22
SF3A2	68	92	1	1	1	40
SF3A3	18	154	12	4	1	12
SF3B1	26	142	14	10	1	6
SF3B2	22	108	26	22	1	22
SF3B3	20	152	14	1	1	10
SF3B4	62	108	10	8	6	4
SFN	50	22	24	82	10	10
SFPQ	10	140	26	12	1	10
SFXN1	1	34	1	1	14	150
SFXN3	1	32	1	1	24	142
SGPL1	1	8	8	58	108	16
SGTA	120	44	34	1	1	1
SH3BGRL	144	44	12	1	1	1
SH3BGRL3	114	34	52	1	1	1
SH3GL1	130	30	42	1	1	1
SH3PXD2B	18	1	76	84	20	1
SHMT2	1	16	1	1	32	148
SIGLEC1	1	1	6	138	56	1
SIN3A	30	138	1	1	14	14
SIPA1	24	1	34	140	1	1
SIRT2	124	16	60	1	1	1
SIRT7	16	184	1	1	1	1
SKIV2L	18	52	50	54	1	28
SKIV2L2	44	122	10	12	1	10
SKP1	46	90	8	8	34	14
SLC12A4	1	1	18	98	62	18
SLC12A7	1	1	8	82	92	20
SLC12A9	1	1	28	136	34	1
SLC15A4	1	1	1	128	72	1
SLC16A1	1	1	14	150	36	1
SLC16A3	1	1	10	120	66	1
SLC1A5	1	1	4	144	50	4
SLC25A1	1	34	1	8	38	120
SLC25A10	1	36	1	1	46	118
SLC25A11	1	12	1	16	60	112
SLC25A12	1	36	1	4	32	126
SLC25A13	1	80	1	4	18	98
SLC25A22	1	28	1	1	46	126
SLC25A24	1	24	1	18	64	92
SLC25A25	1	28	1	1	48	124
SLC25A3	1	24	1	10	34	132
SLC25A4	1	22	1	12	38	128
SLC25A5	1	14	1	4	34	146
SLC29A1	1	1	14	166	18	1
SLC2A1	1	1	4	84	88	24
SLC2A6	1	1	10	116	60	14
SLC30A7	22	8	68	48	46	6
SLC35B1	1	1	56	56	88	1
SLC37A2	1	24	18	84	60	14
SLC38A2	1	1	20	122	58	1
SLC39A14	1	1	1	162	38	1
SLC39A7	1	30	46	50	54	20
SLC3A2	1	1	6	120	64	8
SLC44A1	1	1	34	128	38	1
SLC4A7	1	1	10	136	50	4
SLC6A12	1	6	1	114	74	4
SLC7A6	1	1	8	86	92	14
SLC9A3R1	80	1	36	50	34	1
SLC9A6	1	1	18	82	78	20
SLCO4A1	1	42	10	46	46	54
SLFN5	26	110	40	10	10	4
SLK	136	40	26	1	1	1
SLTM	24	120	30	20	1	6
SMAD3	104	66	30	1	1	1
SMARCA4	12	160	4	1	8	16
SMARCA5	10	150	26	1	1	8
SMARCAL1	78	1	98	24	1	1
SMARCB1	10	160	1	1	1	28
SMARCC1	8	150	1	1	1	42
SMARCC2	18	138	12	1	1	32
SMARCE1	12	162	1	1	1	26
SMC1A	10	104	1	1	60	20
SMC2	40	42	82	8	18	10
SMC3	8	146	24	1	10	10
SMC4	20	62	56	30	4	28
SMCHD1	4	164	1	1	1	32
SMNDC1	90	70	40	1	1	1
SMPDL3B	1	1	6	116	72	1
SMU1	10	160	12	4	1	16
SNAP23	1	1	16	134	44	4
SND1	10	8	86	46	40	10
SNRNP40	10	138	20	6	1	26
SNRNP70	28	74	80	12	1	6
SNRPA	52	8	108	30	1	1
SNRPA1	28	112	22	10	20	8
SNRPB	34	148	10	8	1	1
SNRPB2	30	84	48	28	1	10
SNRPD1	8	30	90	26	44	1
SNRPD2	26	92	54	12	1	16
SNRPD3	26	154	14	6	1	1
SNRPE	36	146	10	4	1	1
SNRPF	4	34	136	24	1	1
SNW1	32	150	8	4	1	6
SNX1	86	90	20	4	1	1
SNX17	14	1	18	70	80	18
SNX2	116	18	68	1	1	1
SNX22	6	20	22	42	90	22
SNX27	8	1	74	106	10	1
SNX3	56	6	74	34	30	1
SNX4	78	12	38	72	1	1
SNX5	164	22	14	1	1	1
SNX6	134	1	64	1	1	1
SNX9	68	30	40	32	16	14
SOAT1	1	36	1	40	52	70
SOD1	140	26	18	12	1	1
SOD2	1	22	1	1	40	136
SON	6	162	4	1	8	18
SP140	24	158	1	1	1	18
SPAG9	108	62	28	1	1	1
SPATA5	44	50	60	16	6	22
SPCS1	1	38	1	42	58	62
SPCS2	1	20	12	28	104	36
SPECC1	16	1	30	104	50	1
SPHK2	76	28	1	62	34	1
SPP1	16	6	14	70	88	8
SPR	164	24	12	1	1	1
SQRDL	1	46	1	6	42	106
SQSTM1	60	10	32	20	58	22
SRGAP2	32	14	14	106	30	6
SRI	138	28	34	1	1	1
SRM	154	20	12	4	1	12
SRP68	20	26	94	44	14	4
SRP72	28	12	102	46	8	1
SRPK1	72	16	92	20	1	1
SRPR	4	28	56	48	42	22
SRPRB	1	6	30	56	80	26
SRRM1	20	130	38	4	1	10
SRRM2	8	168	1	10	1	12
SRSF10	18	152	22	6	1	1
SRSF4	50	1	130	20	1	1
SRSF7	24	66	96	10	1	6
SRSF9	26	100	44	24	1	6
SSB	56	68	56	16	1	1
SSBP1	1	36	1	1	82	82
SSR1	1	14	6	34	114	30
SSR3	1	42	20	22	64	50
SSR4	1	20	22	50	90	16
SSRP1	4	56	100	30	1	6
ST13	156	30	6	1	6	1
STAT1	92	86	10	6	6	1
STAT2	112	70	18	1	1	1
STAT3	154	46	1	1	1	1
STAU1	36	1	98	66	1	1
STAU2	1	1	156	44	1	1
STIM1	1	14	62	70	34	20
STIM2	1	1	50	78	52	20
STIP1	140	48	10	1	1	1
STK10	14	1	24	126	34	1
STK24	26	14	38	112	8	1
STK4	150	1	50	1	1	1
STOM	1	14	14	124	34	14
STOML2	1	26	1	6	24	142
STRAP	112	28	34	18	6	1
STRN3	86	26	42	40	4	1
STT3A	1	4	6	52	120	20
STT3B	1	22	48	54	52	22
STUB1	32	1	28	114	26	1
STX12	1	1	18	76	104	4
STX18	14	32	18	22	98	18
STX2	1	1	1	158	42	1
STX4	1	1	24	114	54	6
STX6	1	1	52	110	32	6
STX7	1	18	18	82	60	20
STX8	1	1	12	104	84	1
SUB1	12	1	144	6	26	12
SUCLA2	1	40	1	6	16	136
SUCLG1	8	34	1	10	38	110
SUCLG2	1	22	1	6	38	132
SUGT1	160	20	20	1	1	1
SUMO1	54	134	8	1	1	1
SUN1	8	92	1	1	70	30
SUN2	22	76	1	4	62	38
SUPT16H	1	76	62	20	26	14
SUPT6H	34	138	4	1	1	26
SUPV3L1	1	84	1	1	14	102
SURF1	1	18	1	1	70	112
SURF4	1	1	60	100	38	4
SURF6	16	114	46	14	1	10
SWAP70	40	10	24	68	60	1
SYK	48	32	30	46	34	10
SYNCRIP	38	20	98	18	22	4
SYNE1	66	66	1	1	1	68
SYNGR1	1	1	16	78	86	18
SYNJ1	60	1	78	64	1	1
SYNJ2BP	1	18	1	1	92	92
SYVN1	1	1	6	32	130	32
TACO1	1	48	1	1	56	98
TAGLN2	126	28	10	24	12	1
TALDO1	170	18	12	1	1	1
TAOK3	1	1	24	126	48	1
TAP1	1	1	4	38	100	56
TAP2	1	6	26	24	108	34
TAPBP	8	24	16	68	70	16
TARDBP	12	92	46	12	22	16
TARS	106	1	72	10	10	1
TARS2	1	40	1	1	52	108
TBC1D23	114	30	56	1	1	1
TBC1D8B	42	38	100	20	1	1
TBCB	152	14	34	1	1	1
TBCD	156	38	6	1	1	1
TBL1XR1	34	118	1	1	1	48
TBL2	1	14	16	48	50	72
TBL3	1	174	6	4	1	14
TBRG4	1	22	1	1	76	100
TCEA1	124	32	34	6	4	1
TCEB2	48	130	8	1	1	14
TCEB3	54	146	1	1	1	1
TCERG1	10	156	14	4	4	12
TCIRG1	1	1	4	108	78	6
TCOF1	14	138	38	1	1	6
TCP1	114	14	52	10	8	1
TES	182	1	18	1	1	1
TEX10	40	110	50	1	1	1
TFB1M	1	52	1	1	68	80
TFG	142	6	50	1	1	1
TFRC	1	1	10	108	78	4
TGFB1	1	8	14	60	76	42
THOC1	4	106	66	18	1	4
THOC3	40	102	58	1	1	1
THOC6	12	106	50	20	1	14
THOP1	166	12	24	1	1	1
THRAP3	24	74	62	34	1	4
TIAL1	94	62	34	12	1	1
TIMM17B	1	62	1	1	36	100
TIMM23	1	70	1	1	20	110
TIMM44	1	34	1	8	38	116
TIMM50	1	34	1	1	38	124
TIPRL	90	72	40	1	1	1
TJP2	68	1	42	90	1	1
TKT	132	22	20	22	1	4
TLN1	80	6	18	68	24	4
TLN2	18	1	38	36	100	8
TLR2	1	1	62	96	34	8
TLR7	1	1	6	90	54	50
TM9SF1	1	1	28	72	86	12
TM9SF2	6	12	10	102	66	6
TM9SF3	1	42	12	56	50	42
TM9SF4	1	36	12	60	68	22
TMCO1	1	12	4	20	132	28
TMED10	6	6	18	52	102	16
TMED4	1	8	54	90	40	8
TMED7	1	12	14	46	120	6
TMED9	1	28	26	60	72	14
TMEM106A	1	1	8	148	44	1
TMEM106B	1	1	1	146	54	1
TMEM109	10	28	6	78	64	14
TMEM11	1	76	1	1	4	118
TMEM126A	1	72	1	44	56	28
TMEM165	4	1	20	52	98	28
TMEM173	1	50	20	54	48	28
TMEM176B	1	44	32	54	36	32
TMEM33	1	12	10	26	124	26
TMEM38B	1	20	8	64	96	12
TMEM43	1	30	1	10	128	28
TMEM55A	1	1	28	82	78	14
TMLHE	1	44	1	1	28	128
TMOD3	144	22	34	1	1	1
TMPO	4	168	1	1	1	28
TMX1	1	42	16	58	68	16
TNF	1	1	58	100	42	1
TNFAIP2	58	88	38	10	8	1
TNIP1	70	86	46	1	1	1
TNPO1	140	46	14	1	1	1
TNPO3	124	64	10	1	1	1
TOLLIP	86	18	48	34	14	1
TOMM22	6	46	1	1	34	114
TOMM34	120	48	32	1	1	1
TOMM40	1	24	1	4	62	108
TOMM70A	1	78	1	1	14	108
TOP1	4	142	38	1	1	14
TOP2A	8	116	12	4	48	12
TOP2B	6	182	1	1	4	6
TOP3B	1	1	72	66	50	10
TOR1AIP1	14	70	88	1	4	22
TOR1AIP2	1	1	22	54	76	48
TOR3A	12	26	14	22	82	42
TP53BP1	42	114	40	1	1	4
TPCN1	1	1	16	76	40	66
TPD52	138	42	20	1	1	1
TPD52L2	92	52	56	1	1	1
TPI1	160	28	8	1	1	1
TPM1	110	12	18	60	1	1
TPM3	150	12	40	1	1	1
TPM4	138	52	6	1	1	1
TPP2	96	14	78	10	1	1
TPR	32	162	1	1	1	6
TPRKB	170	30	1	1	1	1
TPT1	146	14	38	1	1	1
TRA2A	24	140	18	10	1	8
TRABD	1	1	1	1	58	142
TRAM1	1	62	1	36	64	34
TRAP1	16	14	1	1	34	130
TRAPPC4	42	6	102	42	8	1
TRIM23	98	12	90	1	1	1
TRIM25	30	16	100	42	12	1
TRIM28	38	140	14	1	1	6
TRIP12	24	12	50	10	80	24
TRMT1	68	130	1	1	1	1
TRNT1	96	22	1	1	24	58
TRRAP	48	106	1	1	1	48
TSEN34	156	40	4	1	1	1
TSFM	1	64	1	8	32	94
TSPAN31	8	1	36	112	42	1
TSR1	56	72	60	10	1	1
TTLL12	156	32	14	1	1	1
TTN	1	96	78	22	1	4
TUBA4A	116	34	14	1	18	16
TUBB4A	108	44	6	10	8	22
TUBB4B	154	18	12	6	10	1
TUBB6	142	24	22	6	4	4
TUBG2	1	1	86	86	20	1
TUFM	1	16	1	4	24	154
TWF1	162	6	32	1	1	1
TWF2	148	12	28	1	8	1
TXLNA	14	1	126	58	1	1
TXN	150	22	8	12	4	4
TXN2	1	12	1	1	132	56
TXNDC17	174	1	26	1	1	1
TXNDC5	16	4	12	40	108	20
TXNIP	1	1	18	94	86	4
TXNL1	116	62	18	1	1	1
TXNRD1	164	10	26	1	1	1
TXNRD2	1	20	1	1	96	84
TYK2	1	1	12	72	116	1
U2AF1	32	88	64	6	1	10
U2AF2	54	66	50	8	1	24
UAP1L1	164	6	28	1	1	1
UBA6	154	16	30	1	1	1
UBAP2	50	4	124	24	1	1
UBAP2L	30	4	104	28	32	1
UBE2K	150	16	24	12	1	1
UBE2M	110	30	32	26	1	1
UBE2N	162	8	24	1	1	1
UBQLN2	140	1	60	1	1	1
UBR2	150	36	14	1	1	1
UBR4	132	4	60	4	1	1
UBTF	16	90	74	8	1	12
UBXN4	4	6	36	42	94	16
UCHL3	146	32	22	1	1	1
UFD1L	106	34	30	1	1	28
UFM1	58	50	12	6	14	58
UGP2	152	48	1	1	1	1
UMPS	102	48	50	1	1	1
UNC93B1	1	8	46	88	44	14
UPF1	44	8	110	28	10	1
UPF2	32	104	64	1	1	1
UQCRC1	1	24	1	4	44	130
UQCRFS1	1	76	1	1	12	110
USO1	128	14	50	8	1	1
USP10	30	8	124	38	1	1
USP14	126	30	26	10	4	4
USP15	128	44	28	1	1	1
USP39	8	148	14	6	1	24
USP4	106	52	42	1	1	1
USP47	92	4	104	1	1	1
USP5	132	22	28	10	6	1
USP7	104	80	6	6	1	4
USP8	90	26	22	44	1	18
USP9X	54	16	12	1	1	118
UTP11L	22	58	118	1	1	1
UTP14A	6	120	34	26	1	16
UTP15	16	92	78	10	1	4
UTP18	8	142	16	20	1	16
UTP20	36	134	10	4	10	6
VAC14	42	4	110	36	8	1
VAMP3	1	18	18	62	86	16
VAMP4	1	1	34	76	78	12
VAMP7	1	1	16	138	44	1
VAPA	1	10	38	72	74	4
VAPB	4	1	20	52	118	4
VARS	112	20	38	28	1	1
VARS2	1	48	1	1	72	80
VASP	8	1	48	110	30	1
VAT1	38	16	34	40	22	50
VAV1	114	30	50	1	1	6
VCL	118	44	30	6	4	1
VCP	92	46	22	18	18	1
VDAC1	1	24	1	6	42	126
VDAC2	1	26	1	8	16	148
VDAC3	1	26	4	14	42	114
VIM	120	36	22	12	4	6
VKORC1	1	66	1	1	88	46
VPS11	1	1	56	94	50	1
VPS13A	1	52	1	1	92	56
VPS13C	56	30	58	50	4	1
VPS16	8	1	34	74	82	1
VPS18	8	6	62	108	14	4
VPS26A	24	46	48	72	6	4
VPS26B	34	1	114	52	1	1
VPS29	38	8	80	28	46	1
VPS35	14	6	50	32	80	22
VPS36	76	34	50	40	1	1
VPS39	1	1	80	76	38	6
VPS4B	132	50	18	1	1	1
VRK1	6	112	34	12	6	30
VRK2	4	74	16	18	26	62
VTI1B	1	1	48	142	8	1
VWA5A	128	40	16	10	4	1
WAPAL	26	162	4	1	1	4
WARS	144	40	18	1	1	1
WAS	16	8	68	84	18	4
WASF2	6	6	42	130	14	1
WBP11	32	110	36	16	1	8
WBSCR16	1	16	1	1	22	162
WDFY4	116	1	70	14	1	1
WDR1	82	56	4	40	16	1
WDR12	50	72	64	1	1	14
WDR18	22	164	1	1	1	12
WDR3	12	160	16	6	1	6
WDR33	18	82	6	1	82	12
WDR36	16	102	62	14	1	6
WDR43	8	120	22	26	1	22
WDR46	1	60	56	24	44	14
WDR5	40	72	62	1	1	24
WDR61	72	82	46	1	1	1
WDR75	16	74	80	12	4	16
WDR77	126	12	58	4	1	1
WDR81	134	6	40	20	1	1
WDR89	40	20	86	30	18	6
WHSC1	30	124	1	1	1	46
WIZ	18	176	1	1	1	6
WWP2	1	1	40	96	62	1
XAB2	38	122	18	10	1	14
XPNPEP1	124	44	18	1	1	14
XPNPEP3	1	40	1	8	34	118
XPO1	124	56	20	1	1	1
XPOT	118	62	20	1	1	1
XRCC1	72	102	1	1	1	26
XRN1	40	1	126	32	1	1
XRN2	10	134	20	12	1	22
YARS	82	10	64	26	16	1
YARS2	1	52	1	1	56	94
YBX1	22	6	108	30	24	10
YIF1A	12	1	96	92	1	1
YIPF3	1	42	34	54	28	42
YIPF4	1	1	40	62	84	14
YIPF5	1	56	52	58	16	18
YKT6	104	30	18	24	24	1
YLPM1	10	64	84	42	1	1
YME1L1	1	50	1	1	52	94
YTHDC2	30	1	100	70	1	1
YTHDF1	6	46	52	34	20	42
YTHDF2	52	1	114	34	1	1
YTHDF3	40	16	134	6	4	1
YWHAB	142	12	46	1	1	1
YWHAE	142	10	22	14	4	6
YWHAG	134	8	26	18	10	4
YWHAH	146	22	22	4	6	1
YWHAQ	152	10	30	8	1	1
YWHAZ	136	26	20	14	4	1
ZADH2	1	6	36	58	86	12
ZC3H11A	14	140	40	1	1	6
ZC3H13	12	48	1	96	44	1
ZC3H14	44	136	1	1	1	20
ZC3H15	56	10	98	34	1	1
ZC3HAV1	38	26	62	42	26	4
ZCCHC6	86	44	70	1	1	1
ZDHHC20	1	1	16	144	38	1
ZEB2	6	148	1	6	16	22
ZFP36	40	56	40	24	1	40
ZFR	14	128	40	1	1	18
ZMPSTE24	1	6	16	52	94	32
ZNF598	4	10	108	66	6	6
ZRANB2	96	64	40	1	1	1
