Gene	Rodriguez-Pineiro_1	Rodriguez-Pineiro_2	Rodriguez-Pineiro_3	Rodriguez-Pineiro_4	Rodriguez-Pineiro_5	Rodriguez-Pineiro_6	Rodriguez-Pineiro_7	Rodriguez-Pineiro_8	Rodriguez-Pineiro_9	Rodriguez-Pineiro_10	Rodriguez-Pineiro_11
AAAS	1	1	1	10	18	82	52	8	16	6	10
AARS	152	16	10	1	1	1	1	4	1	1	10
AARS2	1	1	1	1	1	1	12	20	90	24	56
ABCB10	1	1	1	1	1	1	16	22	44	60	58
ABCB6	10	98	1	16	24	24	1	1	6	1	22
ABCB7	1	1	1	1	1	1	82	36	1	48	34
ABCB8	1	1	1	1	1	8	94	42	34	10	10
ABCD1	1	1	1	1	1	1	1	1	1	1	1
ABCD3	1	1	1	1	6	26	36	16	54	24	38
ABCF1	1	100	100	1	1	1	1	1	1	1	1
ABCF3	180	1	1	1	1	1	1	1	1	1	20
ABHD10	1	1	1	1	1	1	1	46	92	48	12
ABHD11	1	1	1	1	1	1	1	40	76	48	32
ABHD12	1	1	1	1	26	62	32	32	24	10	12
ABHD16A	1	1	1	1	10	56	50	22	40	16	4
ABI1	46	122	30	1	1	1	1	1	1	1	1
ACAA1	1	1	1	1	6	20	28	42	42	32	28
ACAA2	1	1	1	1	6	14	22	42	56	42	16
ACAD11	1	1	1	1	1	24	10	18	90	18	40
ACAD9	1	1	1	1	4	10	16	20	106	32	14
ACADSB	1	1	1	1	1	1	1	46	82	64	6
ACADVL	1	1	1	1	4	12	32	18	78	32	20
ACAT1	1	1	1	1	4	8	24	42	62	38	24
ACAT2	118	74	1	1	1	1	1	1	1	1	1
ACBD4	1	1	1	1	1	1	1	1	200	1	1
ACBD5	1	1	1	1	12	26	30	14	48	22	48
ACIN1	1	70	90	1	16	1	1	1	1	22	1
ACLY	174	22	1	1	1	1	1	1	1	1	1
ACO1	144	56	1	1	1	1	1	1	1	1	1
ACO2	1	1	1	1	4	10	32	46	62	28	20
ACOT13	1	1	1	1	1	1	1	78	1	122	1
ACOT7	150	50	1	1	1	1	1	1	1	1	1
ACOT8	1	1	1	1	1	14	20	46	66	4	50
ACOT9	1	1	1	1	1	1	1	38	138	14	12
ACOX1	1	1	1	1	6	30	24	34	58	22	22
ACOX2	1	1	1	1	1	16	34	18	60	26	46
ACP1	200	1	1	1	1	1	1	1	1	1	1
ACP2	184	10	8	1	1	1	1	1	1	1	1
ACSF2	1	1	1	1	1	1	1	1	186	14	1
ACSL1	18	18	24	8	18	30	32	16	16	8	10
ACSL3	1	6	20	12	24	46	28	18	26	8	10
ACSL4	130	34	16	8	1	4	1	1	1	1	1
ACSL5	1	1	46	6	32	42	30	8	20	8	6
ACTBL2	54	26	48	10	14	14	12	6	8	4	8
ACTC1	18	136	44	1	1	1	1	1	1	1	1
ACTL6A	1	70	122	6	1	1	1	1	1	1	1
ACTN1	28	94	44	6	6	10	1	1	1	1	4
ACTN2	32	66	40	6	14	16	6	4	6	1	8
ACTN4	36	76	46	6	10	10	4	1	4	1	4
ACTR1A	182	18	1	1	1	1	1	1	1	1	1
ACTR1B	1	1	1	1	1	1	1	1	1	1	1
ACTR2	48	48	60	1	12	12	8	4	4	1	1
ACTR3	30	74	46	12	6	16	6	4	1	1	1
ACY1	130	1	1	1	1	1	1	26	12	1	32
ADAM10	34	88	1	1	1	36	10	1	6	22	1
ADAM9	46	90	60	4	1	1	1	1	1	1	1
ADAR	1	22	162	4	10	1	1	1	1	1	1
ADCK3	1	1	1	1	1	1	1	34	104	26	38
ADD1	1	66	110	1	6	1	10	4	4	1	1
ADD3	1	76	118	4	1	1	1	1	1	1	1
ADIRF	200	1	1	1	1	1	1	1	1	1	1
ADPGK	1	1	1	1	1	66	62	36	36	1	1
ADRM1	164	36	1	1	1	1	1	1	1	1	1
AFG3L2	1	14	1	1	8	14	14	40	76	18	16
AGAP1	1	104	92	4	1	1	1	1	1	1	1
AGK	1	1	1	1	1	4	28	72	82	4	10
AGPAT2	1	1	22	4	12	44	30	16	46	14	12
AGPAT5	1	1	1	1	1	14	40	42	64	34	4
AGPS	1	1	1	1	6	28	28	38	48	22	30
AGR2	12	24	20	8	20	32	18	20	1	22	26
AGR3	20	98	24	1	10	16	10	1	1	12	8
AGRN	1	16	1	14	12	58	60	1	32	10	1
AHCY	112	84	1	1	1	1	1	1	1	1	1
AHCYL2	182	1	1	18	1	1	1	1	1	1	1
AHNAK	24	118	28	4	8	6	4	1	1	1	1
AHNAK2	1	118	82	1	1	1	1	1	1	1	1
AHSA1	90	1	1	18	28	36	28	1	1	1	1
AIDA	76	124	1	1	1	1	1	1	1	1	1
AIFM1	1	1	1	1	10	14	38	24	78	20	16
AIFM2	58	126	12	1	1	1	1	1	1	1	1
AIM1	1	100	98	1	1	1	1	1	1	1	1
AIMP1	110	60	22	1	1	1	1	1	1	1	4
AIMP2	124	34	38	1	1	1	1	1	1	4	1
AK1	44	82	24	4	1	1	6	10	10	4	14
AK2	1	1	1	1	6	16	24	44	58	32	20
AK3	1	1	1	1	1	1	8	40	74	56	22
AKAP1	1	1	1	1	4	44	24	32	42	38	14
AKAP13	1	114	86	1	1	1	1	1	1	1	1
AKR1B1	52	1	1	1	1	1	1	58	1	40	48
AKR1B10	110	76	1	6	1	1	1	4	1	1	1
AKR1C3	62	44	1	6	16	16	10	20	12	4	10
ALCAM	52	88	32	6	14	6	1	1	1	1	1
ALDH16A1	100	86	16	1	1	1	1	1	1	1	1
ALDH18A1	1	1	1	1	1	6	22	44	64	30	34
ALDH1A2	1	1	1	1	1	1	28	60	66	18	28
ALDH1B1	1	1	1	1	1	4	20	56	84	10	24
ALDH1L1	1	1	1	1	1	1	1	1	1	1	1
ALDH2	1	1	1	1	4	6	30	60	56	22	24
ALDH3A2	1	1	12	6	38	48	26	24	26	6	12
ALDH4A1	1	1	16	1	1	4	22	70	40	28	20
ALDH6A1	1	1	1	1	1	1	4	26	92	74	1
ALDH9A1	1	1	1	1	1	4	10	10	162	6	8
ALDOA	58	68	22	6	8	10	6	6	4	4	8
ALDOC	200	1	1	1	1	1	1	1	1	1	1
ALG1	1	1	1	1	1	1	1	80	68	1	52
ALG3	1	1	1	1	22	66	16	1	90	8	1
ALG5	1	1	1	1	30	128	32	1	1	4	6
ALG9	1	1	1	1	1	1	1	1	200	1	1
ALKBH7	1	1	1	1	1	42	1	96	1	1	62
AMACR	1	1	1	1	1	22	36	72	16	28	26
ANK2	1	1	200	1	1	1	1	1	1	1	1
ANK3	1	1	1	1	64	82	1	1	54	1	1
ANKLE2	1	1	1	1	1	12	72	36	46	6	28
ANKRD17	1	1	1	1	1	1	1	1	1	1	1
ANKRD22	8	18	84	16	26	34	4	4	1	4	1
ANP32B	200	1	1	1	1	1	1	1	1	1	1
ANXA1	88	98	1	1	10	1	1	1	1	1	1
ANXA11	148	48	1	1	1	1	1	1	1	1	1
ANXA13	32	102	1	1	8	1	1	58	1	1	1
ANXA4	184	1	1	1	8	1	1	1	1	1	6
ANXA5	86	78	10	1	6	1	1	6	6	1	4
ANXA7	200	1	1	1	1	1	1	1	1	1	1
AP1AR	1	4	196	1	1	1	1	1	1	1	1
AP1B1	1	114	86	1	1	1	1	1	1	1	1
AP1G1	42	82	66	4	1	1	1	1	1	1	1
AP1G2	200	1	1	1	1	1	1	1	1	1	1
AP1S1	1	1	1	1	1	1	1	1	1	1	1
AP2A1	22	64	82	6	8	14	1	1	1	1	1
AP2A2	1	108	56	8	1	14	1	6	6	1	4
AP2B1	18	74	68	6	4	18	4	1	4	1	1
AP2M1	24	58	72	12	10	10	6	4	1	1	1
AP2S1	1	1	1	1	1	1	1	1	1	1	1
AP3B1	190	1	4	1	1	1	1	1	1	1	4
AP3D1	1	46	144	1	1	1	1	1	1	1	6
AP3S1	46	74	66	1	1	1	1	1	1	8	8
APEH	198	1	1	1	1	1	1	1	1	1	1
APEX1	1	182	16	1	1	1	1	1	1	1	1
APMAP	1	10	22	10	16	48	28	28	22	6	10
APOO	1	1	1	1	1	1	1	200	1	1	1
APP	1	1	82	1	16	24	32	12	14	1	16
AQR	1	1	42	1	36	58	46	1	4	10	1
ARCN1	160	28	8	1	1	1	1	1	1	1	1
ARF3	70	70	26	6	1	8	6	6	1	1	6
ARF4	50	92	30	1	4	6	4	6	1	6	1
ARF5	62	126	1	8	1	1	1	1	1	1	4
ARF6	68	64	36	8	10	6	1	1	1	1	1
ARGLU1	1	110	90	1	1	1	1	1	1	1	1
ARHGAP4	74	90	34	1	1	1	1	1	1	1	1
ARHGDIA	164	34	1	4	1	1	1	1	1	1	1
ARHGEF2	4	70	122	1	1	1	1	1	1	1	1
ARHGEF40	1	1	1	1	1	1	1	1	1	1	1
ARID2	1	1	200	1	1	1	1	1	1	1	1
ARL1	106	60	1	6	6	1	1	1	1	4	14
ARL3	144	1	1	10	18	1	1	10	12	6	1
ARL6IP1	14	68	62	10	26	16	1	1	1	6	1
ARL6IP5	1	1	1	56	22	70	20	12	18	1	1
ARL8A	1	1	1	1	1	1	1	1	1	1	1
ARL8B	184	16	1	1	1	1	1	1	1	1	1
ARMC10	1	1	1	1	6	10	52	32	64	12	24
ARMC8	200	1	1	1	1	1	1	1	1	1	1
ARMCX3	1	1	1	1	1	1	30	72	80	1	18
ARPC1B	4	20	16	10	26	48	26	24	1	16	6
ARPC2	102	50	28	4	4	6	4	1	1	1	1
ARPC3	86	112	1	1	1	1	1	1	1	1	1
ARPC4	66	96	20	1	10	8	1	1	1	1	1
ARPC5	100	82	1	6	1	8	1	1	1	1	4
ARPC5L	176	1	1	20	1	1	1	1	1	1	1
ASAH1	192	8	1	1	1	1	1	1	1	1	1
ASCC1	1	72	128	1	1	1	1	1	1	1	1
ASCC2	1	144	56	1	1	1	1	1	1	1	1
ASCC3	1	138	60	1	1	1	1	1	1	1	1
ASPH	1	1	1	1	24	42	40	16	38	10	26
ASS1	80	76	20	4	1	1	1	12	1	1	8
ATAD1	1	1	1	1	6	36	26	30	56	30	16
ATAD2	1	1	1	1	1	1	1	1	1	1	200
ATAD3A	1	1	1	1	6	12	36	24	84	22	14
ATG5	1	84	1	1	1	1	36	16	28	1	38
ATG9A	1	200	1	1	1	1	1	1	1	1	1
ATIC	170	1	1	6	1	24	1	1	1	1	1
ATL2	4	24	98	18	18	16	6	8	1	4	1
ATL3	4	48	56	6	24	26	12	6	10	1	4
ATP13A1	1	1	1	4	8	32	60	12	34	30	20
ATP1A1	34	76	48	6	12	8	8	1	1	1	1
ATP1B1	28	76	44	8	12	12	6	4	4	1	1
ATP1B3	12	128	12	4	8	26	6	1	1	1	1
ATP2A2	1	1	6	6	28	38	46	14	26	18	18
ATP2B1	24	106	30	10	22	1	4	1	1	4	1
ATP2B2	200	1	1	1	1	1	1	1	1	1	1
ATP2C1	1	1	1	100	76	1	26	1	1	1	1
ATP5A1	1	1	1	1	14	26	30	48	48	16	14
ATP5B	1	1	1	1	12	30	24	46	48	20	18
ATP5C1	1	1	1	1	6	18	30	40	66	32	6
ATP5D	1	1	1	1	8	14	22	44	1	78	32
ATP5E	1	1	1	1	16	32	36	56	1	10	50
ATP5F1	1	1	1	1	12	16	26	32	52	46	14
ATP5H	1	1	1	1	14	8	32	42	64	30	12
ATP5I	1	1	1	1	14	16	28	68	1	52	18
ATP5J	1	1	1	1	1	1	1	44	1	54	102
ATP5L	1	1	1	1	10	24	28	46	1	60	30
ATP5O	1	1	1	1	8	16	24	38	60	34	18
ATP6AP1	36	46	24	4	12	20	22	12	8	4	12
ATP6AP2	28	1	28	4	14	56	16	16	22	10	6
ATP6V0C	68	18	48	14	16	1	12	12	1	14	1
ATP6V0D1	32	60	58	1	8	12	10	8	1	1	8
ATP6V1A	90	78	32	1	1	1	1	1	1	1	1
ATP6V1B2	140	52	8	1	1	1	1	1	1	1	1
ATP6V1E1	170	30	1	1	1	1	1	1	1	1	1
ATP6V1G1	200	1	1	1	1	1	1	1	1	1	1
ATP6V1H	152	30	16	1	1	1	1	1	1	1	1
ATP8B1	1	160	10	1	28	1	1	1	1	1	1
ATPIF1	1	1	1	1	1	12	14	54	1	74	44
ATXN2L	1	126	66	1	1	1	1	1	1	1	1
AUH	1	1	1	1	1	1	1	142	1	1	58
AUP1	1	1	1	4	26	46	48	22	28	8	16
B2M	20	62	36	10	26	26	8	12	1	1	1
B3GNT3	1	1	1	1	28	102	42	1	30	1	1
BAG2	24	16	20	8	30	28	18	18	18	10	10
BAG6	8	46	46	10	30	18	42	1	1	1	1
BAIAP2	74	74	40	4	10	1	1	1	1	1	1
BAIAP2L1	6	162	30	1	1	1	1	1	1	1	1
BAK1	1	1	1	1	1	1	30	24	72	44	28
BANF1	1	1	22	1	42	34	28	26	1	30	20
BBX	1	1	1	1	1	1	1	1	1	1	1
BCAP29	1	1	42	1	26	34	20	10	56	8	4
BCAP31	4	10	20	10	32	34	22	18	20	12	16
BCAS2	1	90	100	1	8	1	1	1	1	1	1
BCAT2	1	1	1	1	1	1	1	36	110	54	1
BCKDHA	1	1	1	1	1	1	1	112	58	14	16
BCLAF1	1	46	84	6	28	18	14	1	1	1	1
BDH1	1	1	1	1	1	1	1	16	104	54	26
BIRC6	200	1	1	1	1	1	1	1	1	1	1
BLOC1S2	200	1	1	1	1	1	1	1	1	1	1
BLVRB	182	18	1	1	1	1	1	1	1	1	1
BMS1	1	1	200	1	1	1	1	1	1	1	1
BNIP1	1	1	98	20	48	22	4	1	1	1	1
BNIP3L	1	1	1	1	1	1	62	70	1	40	28
BPNT1	1	1	1	1	1	1	1	108	12	64	16
BRI3BP	1	6	1	10	34	48	32	22	1	32	18
BRIX1	1	102	94	1	1	1	1	1	1	1	1
BSG	38	54	40	8	18	14	8	6	6	1	6
BUD13	1	92	108	1	1	1	1	1	1	1	1
BYSL	24	152	22	1	1	1	1	1	1	1	1
BZW2	96	56	1	1	1	1	1	6	14	1	26
C10orf32	200	1	1	1	1	1	1	1	1	1	1
C14orf1	1	1	1	4	18	28	14	16	1	108	8
C14orf159	1	1	1	1	1	6	28	24	118	24	1
C14orf166	156	42	1	1	1	1	1	1	1	1	1
C15orf52	64	44	58	4	24	1	1	1	1	1	1
C16orf58	1	1	1	6	28	52	42	4	46	20	1
C17orf62	1	1	1	1	1	1	1	1	1	1	1
C18orf32	1	1	1	1	28	72	30	18	1	20	32
C19orf10	8	1	1	1	10	144	8	10	1	22	1
C1GALT1C1	1	200	1	1	1	1	1	1	1	1	1
C1QBP	1	1	1	1	1	1	34	1	166	1	1
C21orf33	1	1	1	1	1	1	8	14	68	88	20
C2CD2L	1	1	1	1	30	36	56	20	60	1	1
C2orf47	1	1	1	1	1	1	16	34	62	66	24
C6orf47	1	40	1	8	80	30	1	4	32	1	4
C7orf50	28	86	84	1	1	1	1	1	1	1	1
C8orf33	1	146	54	1	1	1	1	1	1	1	1
CA12	90	58	42	8	1	1	1	1	1	1	1
CA9	98	92	1	1	4	1	1	1	1	1	1
CAB39	12	118	70	1	1	1	1	1	1	1	1
CAB39L	12	32	6	78	8	1	1	1	40	1	22
CACYBP	102	68	1	4	1	6	6	10	1	1	4
CAD	4	180	16	1	1	1	1	1	1	1	1
CALB2	200	1	1	1	1	1	1	1	1	1	1
CALML5	1	1	1	1	200	1	1	1	1	1	1
CALR	4	8	16	6	42	32	36	16	26	1	12
CALU	1	24	22	8	22	56	20	20	20	4	6
CAMK2D	176	1	24	1	1	1	1	1	1	1	1
CAMSAP3	1	46	154	1	1	1	1	1	1	1	1
CAND1	130	56	4	1	1	1	1	1	1	1	1
CANX	1	8	20	10	34	54	22	20	14	8	8
CAP1	120	60	6	1	4	1	1	1	1	1	1
CAPN1	92	56	1	1	4	8	4	18	1	1	10
CAPN5	1	1	1	1	1	1	18	56	60	42	22
CAPNS1	118	26	1	6	22	1	1	8	1	4	14
CAPRIN1	22	126	50	1	1	1	1	1	1	1	1
CAPZA1	80	78	14	4	6	10	1	1	1	1	1
CAPZA2	88	78	1	8	1	1	6	10	1	1	8
CAPZB	96	56	14	1	10	6	4	1	4	1	4
CASC3	1	1	118	1	68	1	16	1	1	1	1
CASC4	46	154	1	1	1	1	1	1	1	1	1
CASK	32	86	60	4	10	4	1	1	1	1	1
CASP14	1	1	1	1	200	1	1	1	1	1	1
CAST	1	1	1	1	1	1	1	58	1	1	142
CAT	1	1	1	1	18	24	32	26	42	26	32
CBR4	1	1	1	1	1	1	1	24	88	88	1
CC2D1A	70	130	1	1	1	1	1	1	1	1	1
CCDC115	1	1	1	1	1	1	44	1	156	1	1
CCDC12	1	1	1	1	1	152	1	48	1	1	1
CCDC124	1	120	80	1	1	1	1	1	1	1	1
CCDC47	1	1	1	4	32	42	40	22	30	12	18
CCDC51	1	1	1	1	1	10	26	28	100	30	4
CCDC59	1	134	66	1	1	1	1	1	1	1	1
CCDC61	1	1	108	52	30	10	1	1	1	1	1
CCNY	1	1	1	1	1	1	1	1	1	1	1
CCNYL1	60	104	36	1	1	1	1	1	1	1	1
CCT2	126	58	14	1	1	1	1	1	1	1	1
CCT3	114	54	28	1	1	1	1	1	1	1	1
CCT4	114	66	14	1	1	1	1	1	1	1	1
CCT5	136	50	10	1	1	1	1	1	1	1	1
CCT6A	124	58	16	1	1	1	1	1	1	1	1
CCT7	88	84	26	1	1	1	1	1	1	1	1
CCT8	122	64	10	1	1	1	1	1	1	1	1
CD151	90	66	30	8	4	1	1	1	1	1	1
CD276	124	22	54	1	1	1	1	1	1	1	1
CD2AP	120	62	10	1	1	1	4	1	1	1	1
CD2BP2	100	100	1	1	1	1	1	1	1	1	1
CD44	74	82	20	6	14	1	1	1	1	1	1
CD46	56	82	42	8	8	4	1	1	1	1	1
CD47	114	30	1	12	36	8	1	1	1	1	1
CD59	70	92	16	6	16	1	1	1	1	1	1
CD63	116	62	18	1	1	1	1	1	1	1	1
CD9	56	72	38	8	10	6	1	4	1	1	1
CD97	88	62	8	8	32	1	1	1	1	1	1
CD99	162	1	1	1	38	1	1	1	1	1	1
CDC23	14	10	50	1	1	1	1	1	1	124	1
CDC37	74	68	36	10	1	1	1	8	1	1	4
CDC40	1	1	112	1	64	18	6	1	1	1	1
CDC42	60	72	32	10	10	4	1	4	1	1	4
CDC42BPA	1	200	1	1	1	1	1	1	1	1	1
CDC42BPB	8	190	1	1	1	1	1	1	1	1	1
CDC5L	1	84	84	6	10	8	4	1	1	1	1
CDCP1	88	98	1	8	1	1	1	1	1	1	1
CDH17	80	54	26	4	12	10	6	1	1	1	1
CDIPT	1	1	1	1	1	1	1	1	1	200	1
CDK12	1	100	100	1	1	1	1	1	1	1	1
CDK5RAP3	1	1	16	6	30	42	32	10	38	12	14
CDKAL1	1	1	1	1	72	1	128	1	1	1	1
CDX2	1	50	112	6	6	1	1	1	6	1	18
CEACAM1	1	200	1	1	1	1	1	1	1	1	1
CEACAM5	20	116	48	6	1	1	1	1	1	1	1
CECR5	1	1	1	1	1	1	26	50	56	40	28
CEMIP	1	1	122	1	14	26	12	1	26	1	1
CEP170B	1	1	1	1	1	1	1	1	1	1	1
CEP290	32	68	38	12	8	12	8	6	10	1	4
CEPT1	1	1	1	1	1	42	16	6	126	1	12
CFL1	56	68	24	10	12	10	4	4	1	6	6
CHAF1B	1	1	1	1	1	1	1	1	1	1	1
CHCHD3	1	1	1	1	1	10	24	48	52	38	26
CHCHD6	1	1	1	1	1	1	30	50	54	42	24
CHD3	1	1	1	1	1	200	1	1	1	1	1
CHD4	1	158	38	1	1	1	1	1	1	1	1
CHID1	1	1	1	1	22	34	40	30	60	12	1
CHMP1A	180	20	1	1	1	1	1	1	1	1	1
CHMP2A	178	1	1	1	22	1	1	1	1	1	1
CHMP4B	96	86	4	1	1	1	1	4	1	1	1
CHTOP	1	46	76	8	34	18	12	1	1	1	1
CIRBP	1	132	68	1	1	1	1	1	1	1	1
CISD1	1	1	1	1	24	32	22	50	1	62	10
CISD2	1	4	14	10	46	58	22	20	1	14	12
CKAP4	1	1	1	1	24	42	34	12	52	16	16
CKAP5	1	86	76	1	18	1	1	1	1	1	16
CKMT1A	1	1	1	1	12	18	30	48	56	28	8
CLASP1	1	26	174	1	1	1	1	1	1	1	1
CLASP2	24	1	176	1	1	1	1	1	1	1	1
CLCC1	1	1	1	6	56	48	50	14	4	6	14
CLCN3	6	32	158	1	1	1	1	1	1	1	1
CLDN3	36	116	42	4	1	1	1	1	1	1	1
CLDN4	18	102	54	12	12	1	1	1	1	1	1
CLDN7	20	114	66	1	1	1	1	1	1	1	1
CLIC1	100	36	20	4	8	10	4	6	1	4	8
CLINT1	4	48	130	10	4	1	1	1	1	1	1
CLIP2	1	138	60	1	1	1	1	1	1	1	1
CLN6	1	1	10	6	22	34	42	20	30	20	14
CLPTM1	1	1	1	6	34	44	46	16	26	14	12
CLPX	1	1	1	1	1	32	1	32	92	32	10
CLRN3	56	64	58	1	16	4	1	1	1	1	1
CLTA	92	1	32	8	40	10	12	1	1	1	4
CLTB	54	1	1	1	14	128	1	1	1	1	1
CLTC	52	52	32	4	12	12	18	4	6	1	6
CMAS	1	74	122	6	1	1	1	1	1	1	1
CMC1	1	1	1	1	1	1	1	1	1	200	1
CNN2	68	116	1	1	1	16	1	1	1	1	1
CNNM3	1	1	1	1	126	1	1	1	46	1	28
CNOT1	16	124	28	6	1	6	4	1	10	1	1
CNOT10	8	16	64	1	48	1	1	48	1	14	4
CNP	30	118	46	1	1	1	1	1	1	1	1
CNPY2	1	1	1	1	32	82	20	32	1	18	18
CNPY3	1	1	1	4	24	48	20	28	52	6	16
COASY	1	1	1	1	1	1	1	68	1	48	84
COIL	1	126	74	1	1	1	1	1	1	1	1
COL18A1	1	1	1	1	1	70	42	16	46	1	26
COMMD10	140	60	1	1	1	1	1	1	1	1	1
COMTD1	1	1	1	1	1	20	10	12	128	24	8
COPA	8	104	74	1	1	1	6	1	1	1	1
COPB1	150	48	1	1	1	1	1	1	1	1	1
COPB2	130	62	1	1	1	1	1	1	1	1	1
COPS2	186	14	1	1	1	1	1	1	1	1	1
COPS3	186	14	1	1	1	1	1	1	1	1	1
COPS4	200	1	1	1	1	1	1	1	1	1	1
COPS6	200	1	1	1	1	1	1	1	1	1	1
COQ6	1	1	44	34	6	84	6	6	4	1	12
COQ9	1	1	1	1	1	1	14	72	42	54	20
CORO1A	1	1	1	1	1	1	1	1	1	1	1
CORO1B	46	54	34	4	20	16	14	4	1	1	6
CORO1C	40	64	42	10	14	8	8	4	6	1	4
COX17	1	1	1	1	32	34	44	42	1	30	18
COX19	1	1	1	1	1	1	1	1	1	1	1
COX4I1	1	1	1	1	1	6	6	82	14	36	56
COX5A	1	1	1	1	14	22	26	58	1	34	46
COX5B	1	1	1	1	24	30	24	42	1	64	14
COX6B1	1	1	1	1	8	18	32	54	1	62	22
COX6C	1	1	1	1	16	24	28	40	1	60	30
COX7A2	1	1	1	1	1	50	76	72	1	1	1
COX7C	1	1	1	1	1	1	18	56	1	88	38
CPD	1	78	122	1	1	1	1	1	1	1	1
CPNE3	110	84	1	1	4	1	1	1	1	1	1
CPOX	1	1	1	1	6	40	12	38	64	24	16
CPS1	1	1	1	1	1	1	1	32	40	126	1
CPSF1	1	24	44	1	12	1	38	1	16	42	24
CPSF3	1	120	80	1	1	1	1	1	1	1	1
CPSF6	8	70	104	1	1	1	1	16	1	1	1
CPSF7	1	158	42	1	1	1	1	1	1	1	1
CPT1A	4	1	1	1	10	22	48	32	54	14	14
CPT2	1	1	1	1	1	1	14	30	98	58	1
CRAT	1	1	1	1	1	6	24	30	92	40	8
CRELD2	1	1	1	1	1	72	58	22	44	1	4
CRIP1	86	72	14	4	12	1	1	4	1	1	6
CRNKL1	1	1	1	1	10	1	1	88	92	12	1
CRYZ	1	1	1	1	6	12	22	44	54	36	28
CS	1	1	1	1	4	10	24	44	58	42	18
CSE1L	24	1	38	32	8	70	4	6	4	1	10
CSNK1A1	6	86	108	1	1	1	1	1	1	1	1
CSNK1D	1	78	122	1	1	1	1	1	1	1	1
CSNK2A1	94	58	24	6	8	6	4	1	1	1	1
CSRP1	62	90	40	4	6	1	1	1	1	1	1
CSTA	1	1	1	1	200	1	1	1	1	1	1
CSTB	58	102	26	1	1	1	1	1	1	6	8
CTAGE5	1	1	4	1	34	68	42	8	18	10	12
CTCF	1	1	1	1	1	1	1	1	1	1	1
CTDSP1	18	86	82	1	10	4	1	1	1	1	1
CTNNA1	144	46	8	1	1	1	1	1	1	1	1
CTNNB1	56	74	20	10	14	12	4	1	1	1	6
CTNND1	40	116	20	4	6	6	1	4	1	1	4
CTSA	132	68	1	1	1	1	1	1	1	1	1
CTSB	164	36	1	1	1	1	1	1	1	1	1
CTSC	160	40	1	1	1	1	1	1	1	1	1
CTSD	144	48	6	1	1	1	1	1	1	1	1
CTSZ	100	88	10	1	1	1	1	1	1	1	1
CTTN	60	94	36	6	4	1	1	1	1	1	1
CUL3	30	162	1	1	1	1	1	6	1	1	1
CUTA	200	1	1	1	1	1	1	1	1	1	1
CWC15	1	1	1	1	172	1	28	1	1	1	1
CWC22	54	1	22	4	22	50	40	4	1	1	1
CYB561	66	62	58	1	6	1	1	8	1	1	1
CYB5B	1	1	1	12	38	18	22	1	1	80	28
CYB5R1	1	1	1	1	1	1	38	50	74	26	12
CYB5R3	1	12	12	6	26	30	20	22	42	14	16
CYC1	1	1	1	1	10	16	38	26	70	32	10
CYCS	1	1	1	1	18	1	20	68	1	92	1
CYFIP1	34	74	66	4	8	8	1	1	1	1	1
CYFIP2	1	1	1	1	1	1	1	1	1	1	1
CYP1A2	1	1	1	1	1	1	200	1	1	1	1
CYP20A1	1	1	1	8	6	44	58	40	34	4	4
CYP2S1	1	8	26	10	26	58	24	18	20	4	6
CYP51A1	1	1	14	4	28	48	30	32	24	6	12
CYSTM1	74	76	38	12	1	1	1	1	1	1	1
DAD1	1	1	12	10	30	36	30	24	4	30	18
DAG1	200	1	1	1	1	1	1	1	1	1	1
DAK	168	6	14	1	1	1	1	1	1	10	1
DAP3	1	1	1	1	1	1	22	64	58	38	22
DARS	124	48	24	1	1	1	1	1	1	1	1
DARS2	1	1	1	1	1	1	4	20	116	36	24
DBI	200	1	1	1	1	1	1	1	1	1	1
DBN1	36	96	28	1	6	6	10	6	6	1	8
DBNL	200	1	1	1	1	1	1	1	1	1	1
DBT	1	1	1	1	1	1	18	1	168	1	14
DCAKD	1	1	1	1	1	102	1	14	1	84	1
DCD	1	44	1	6	1	1	36	32	1	6	78
DCTN1	200	1	1	1	1	1	1	1	1	1	1
DCTN2	164	18	16	1	1	1	1	1	1	1	1
DCTN3	200	1	1	1	1	1	1	1	1	1	1
DCXR	1	1	1	1	1	1	1	62	62	30	46
DDAH1	50	86	28	4	10	10	1	4	4	1	1
DDB1	128	18	52	1	1	1	1	1	1	1	1
DDOST	1	4	10	6	18	50	30	24	40	12	8
DDRGK1	1	6	6	8	34	34	36	32	16	22	8
DDX1	116	68	8	6	1	1	1	1	1	1	1
DDX17	14	136	50	1	1	1	1	1	1	1	1
DDX18	1	68	128	4	1	1	1	1	1	1	1
DDX21	1	112	84	4	1	1	1	1	1	1	1
DDX23	10	94	96	1	1	1	1	1	1	1	1
DDX24	1	80	120	1	1	1	1	1	1	1	1
DDX27	1	74	120	1	1	1	1	1	1	1	1
DDX31	1	1	200	1	1	1	1	1	1	1	1
DDX39B	82	58	12	6	4	1	4	14	8	1	8
DDX3X	68	132	1	1	1	1	1	1	1	1	1
DDX41	1	76	108	1	12	1	1	1	1	1	1
DDX46	12	188	1	1	1	1	1	1	1	1	1
DDX47	1	108	90	1	1	1	1	1	1	1	1
DDX5	14	76	104	1	1	1	1	1	1	1	1
DDX50	1	58	142	1	1	1	1	1	1	1	1
DDX54	1	164	36	1	1	1	1	1	1	1	1
DDX56	1	1	112	1	1	1	1	40	48	1	1
DDX6	116	62	20	1	1	1	1	1	1	1	1
DDX60	1	40	126	1	1	1	6	1	20	6	1
DECR1	1	1	1	1	1	10	22	44	62	38	22
DECR2	1	1	1	1	1	1	10	42	56	42	48
DEK	1	12	12	1	1	122	1	1	54	1	1
DERA	80	110	10	1	1	1	1	1	1	1	1
DERL1	1	1	56	1	10	10	26	20	1	72	6
DGAT1	1	1	1	1	12	44	24	12	40	44	24
DHCR24	1	1	22	4	24	48	42	20	22	1	14
DHCR7	1	4	16	10	18	22	28	32	30	20	20
DHODH	1	1	1	1	1	1	10	40	120	16	12
DHRS13	1	1	1	1	1	60	72	12	12	22	22
DHRS2	1	1	1	1	1	1	1	10	42	92	54
DHRS4	1	1	1	1	1	10	26	38	42	40	42
DHRS7	1	6	12	6	32	44	34	24	16	10	14
DHRS7B	1	1	1	6	1	52	48	14	28	24	28
DHX15	6	12	26	4	34	64	28	4	6	1	12
DHX16	48	74	50	1	24	6	1	1	1	1	1
DHX29	1	8	182	8	1	1	1	1	1	1	1
DHX30	1	22	126	4	4	1	10	6	10	10	6
DHX36	1	6	184	1	10	1	1	1	1	1	1
DHX37	1	1	132	1	1	68	1	1	1	1	1
DHX57	1	1	1	1	1	1	1	1	1	1	1
DHX8	1	64	132	1	1	1	1	1	1	1	4
DHX9	1	40	88	4	18	28	12	4	1	1	1
DIABLO	1	1	1	1	1	1	1	1	1	180	20
DIAPH1	1	110	28	1	8	14	24	4	1	1	14
DICER1	1	1	1	1	1	1	1	1	1	1	1
DIDO1	1	118	82	1	1	1	1	1	1	1	1
DKC1	1	48	150	1	1	1	1	1	1	1	1
DLAT	1	1	1	1	4	8	24	24	76	30	32
DLD	1	1	1	1	4	10	26	36	78	18	28
DLG1	70	74	30	4	6	6	4	1	1	1	1
DLG4	80	1	56	1	26	1	8	10	4	1	12
DLST	1	1	1	1	1	14	26	44	80	22	12
DNAJA1	114	58	14	1	4	4	1	1	1	1	1
DNAJA2	152	30	1	1	1	1	1	14	1	1	1
DNAJB1	200	1	1	1	1	1	1	1	1	1	1
DNAJB11	1	1	4	6	28	50	38	28	28	6	10
DNAJB12	1	1	1	6	32	52	38	28	16	12	16
DNAJB14	1	1	1	4	36	58	42	28	20	1	12
DNAJB4	22	1	1	1	1	1	40	70	20	1	50
DNAJC1	1	1	1	4	16	52	46	12	36	14	22
DNAJC10	1	1	1	4	22	66	44	16	32	8	10
DNAJC11	1	1	1	1	1	16	20	26	98	26	14
DNAJC13	1	112	88	1	1	1	1	1	1	1	1
DNAJC19	1	1	1	1	1	1	1	1	1	1	1
DNAJC3	1	1	1	1	32	68	36	22	34	8	1
DNAJC5	102	62	14	10	10	1	1	1	1	1	1
DNAJC9	1	68	130	1	1	1	1	1	1	1	1
DNASE2	180	20	1	1	1	1	1	1	1	1	1
DNM1	64	76	14	1	10	14	6	4	1	1	10
DNM1L	132	1	1	12	1	32	1	12	10	1	1
DNM2	52	30	6	1	28	12	24	8	10	18	10
DNM3	108	1	46	1	1	24	6	1	6	1	12
DNMT1	1	114	78	1	1	1	1	1	1	1	1
DNPEP	200	1	1	1	1	1	1	1	1	1	1
DOCK6	1	1	1	200	1	1	1	1	1	1	1
DPEP1	40	94	34	6	16	1	4	1	1	1	1
DPM1	1	6	8	1	20	36	16	24	50	26	12
DPM3	1	1	16	8	28	44	24	26	1	40	16
DPP4	124	60	4	12	1	1	1	1	1	1	1
DPYSL2	120	52	16	4	1	1	1	1	1	1	1
DRG1	1	134	64	1	1	1	1	1	1	1	1
DSC1	1	1	1	1	1	1	1	200	1	1	1
DSC2	50	1	1	4	10	56	24	14	26	4	12
DSG1	1	1	1	1	200	1	1	1	1	1	1
DSG2	44	58	46	8	16	8	8	4	4	1	1
DSP	1	1	28	4	44	14	24	34	26	22	1
DSTN	30	170	1	1	1	1	1	1	1	1	1
DUT	1	1	1	1	1	1	1	1	1	200	1
DYNC1H1	126	60	1	1	1	1	1	1	1	1	1
DYNC1I2	162	36	1	1	1	1	1	1	1	1	1
DYNC1LI1	200	1	1	1	1	1	1	1	1	1	1
DYNC1LI2	200	1	1	1	1	1	1	1	1	1	1
DYNLL1	1	1	1	1	1	1	1	1	1	1	1
DYNLL2	96	50	54	1	1	1	1	1	1	1	1
DYNLRB1	192	8	1	1	1	1	1	1	1	1	1
EBNA1BP2	1	90	108	1	1	1	1	1	1	1	1
EBP	1	4	4	8	26	44	36	20	8	36	14
ECH1	1	1	1	1	8	16	28	30	66	22	30
ECHS1	1	1	1	1	4	8	14	36	68	42	28
ECI1	1	1	1	1	1	1	1	38	80	48	32
ECI2	1	1	1	1	1	10	16	46	54	30	42
ECM29	200	1	1	1	1	1	1	1	1	1	1
EDC4	16	112	68	4	1	1	1	1	1	1	1
EEF1A1	76	40	16	6	4	10	10	8	12	8	10
EEF1B2	160	26	1	1	1	1	1	1	6	1	4
EEF1D	158	42	1	1	1	1	1	1	1	1	1
EEF1E1	116	62	18	1	1	1	1	1	1	1	1
EEF1G	174	18	1	1	1	1	1	1	1	1	4
EEF2	74	50	12	1	8	8	8	8	12	4	16
EEFSEC	1	1	200	1	1	1	1	1	1	1	1
EEPD1	98	24	50	1	1	26	1	1	1	1	1
EFHD2	144	46	1	1	1	1	1	1	1	1	12
EFNB1	106	32	62	1	1	1	1	1	1	1	1
EFTUD2	24	42	62	1	18	26	16	1	1	1	4
EGFR	62	76	42	4	4	4	1	1	1	1	4
EHD3	104	88	1	8	1	1	1	1	1	1	1
EHD4	90	44	58	6	1	1	1	1	1	1	1
EHHADH	1	1	1	1	1	20	30	38	62	12	34
EI24	1	1	1	6	28	68	58	6	26	4	4
EIF1AX	38	118	42	1	1	1	1	1	1	1	1
EIF2A	20	132	46	1	1	1	1	1	1	1	1
EIF2AK2	1	76	102	4	16	1	1	1	1	1	1
EIF2AK3	1	1	1	1	1	200	1	1	1	1	1
EIF2B4	1	1	1	200	1	1	1	1	1	1	1
EIF2D	1	200	1	1	1	1	1	1	1	1	1
EIF2S1	1	78	114	4	1	1	1	1	1	1	1
EIF2S2	1	66	120	10	1	1	1	1	1	1	1
EIF2S3	1	80	110	10	1	1	1	1	1	1	1
EIF3A	98	42	56	1	1	1	1	1	1	1	1
EIF3B	128	30	38	1	1	1	1	1	1	1	1
EIF3C	124	28	44	4	1	1	1	1	1	1	1
EIF3D	106	28	66	1	1	1	1	1	1	1	1
EIF3E	122	38	34	4	1	1	1	1	1	1	1
EIF3F	114	38	40	4	1	1	1	1	1	1	1
EIF3G	130	40	30	1	1	1	1	1	1	1	1
EIF3H	102	32	58	6	1	1	1	1	1	1	1
EIF3I	110	44	40	1	1	1	1	1	1	1	1
EIF3K	118	48	32	1	1	1	1	1	1	1	1
EIF3L	102	26	62	6	1	1	1	1	1	1	1
EIF3M	100	82	18	1	1	1	1	1	1	1	1
EIF4A1	86	52	22	6	4	6	4	10	6	1	6
EIF4A3	8	8	30	6	40	52	26	14	6	4	6
EIF4B	136	62	1	1	1	1	1	1	1	1	1
EIF4E	124	28	1	6	1	1	1	1	1	1	40
EIF4G1	1	112	30	1	1	1	1	12	8	14	16
EIF4G2	14	1	1	1	20	1	1	42	36	1	90
EIF4H	196	1	1	1	1	1	1	1	1	1	4
EIF5	1	200	1	1	1	1	1	1	1	1	1
EIF5A	120	68	10	1	1	1	1	1	1	1	1
EIF5B	1	94	106	1	1	1	1	1	1	1	1
EIF6	1	160	32	1	1	1	1	1	1	1	10
ELAVL1	1	28	130	14	22	6	1	1	1	1	1
ELMOD2	1	1	1	1	24	56	36	12	36	22	14
ELOVL1	1	1	1	1	1	1	8	32	76	60	24
EMC9	1	1	1	1	1	1	1	1	200	1	1
EMD	1	1	16	6	30	56	22	16	28	8	14
EMG1	1	144	56	1	1	1	1	1	1	1	1
ENAH	200	1	1	1	1	1	1	1	1	1	1
ENDOD1	1	1	140	8	20	16	10	1	4	1	1
ENO1	72	62	22	8	4	12	4	6	4	1	1
ENPP4	1	1	1	1	1	1	1	1	1	1	1
ENPP7	1	1	1	1	1	1	1	1	1	1	1
ENTPD2	1	1	94	52	22	1	20	6	1	1	6
EP400	1	84	116	1	1	1	1	1	1	1	1
EPB41L1	110	70	10	8	1	1	1	1	1	1	1
EPB41L2	10	90	54	8	14	6	6	4	1	1	4
EPB41L4B	1	1	1	1	1	1	1	1	1	1	1
EPCAM	44	72	40	8	12	8	6	4	1	1	4
EPHA2	74	88	22	4	1	6	1	1	1	1	1
EPHB2	1	1	1	1	1	1	1	1	200	1	1
EPHB4	44	4	1	154	1	1	1	1	1	1	1
EPHX1	1	6	22	6	24	54	30	20	24	10	6
EPHX2	1	1	1	1	8	24	20	28	62	4	54
EPPK1	52	44	1	8	50	6	28	4	6	4	1
EPRS	92	50	36	1	1	1	4	1	4	1	6
EPS8	54	62	78	1	1	1	1	1	1	1	1
EPS8L1	1	1	1	1	1	1	1	1	1	1	1
EPS8L2	54	86	46	14	1	1	1	1	1	1	1
EPS8L3	74	90	22	1	6	1	4	1	1	1	1
ERBB2	84	68	1	4	28	10	4	1	1	1	1
ERBB2IP	40	74	68	1	1	1	6	1	1	1	1
ERCC3	1	200	1	1	1	1	1	1	1	1	1
ERGIC1	8	68	60	6	14	14	8	8	10	4	4
ERH	18	52	54	1	26	22	10	6	1	4	6
ERI1	1	1	200	1	1	1	1	1	1	1	1
ERLEC1	1	1	1	1	28	124	14	1	22	8	1
ERLIN1	1	1	14	8	36	48	32	26	16	10	10
ERLIN2	1	4	12	6	26	40	38	26	22	12	18
ERMP1	1	1	1	4	22	60	52	6	44	4	8
ERO1L	1	1	8	4	38	38	40	10	36	12	14
ERP29	4	8	12	4	22	38	30	18	34	16	14
ERP44	1	1	10	4	24	62	28	30	22	6	12
ESYT1	8	28	60	6	38	28	14	4	6	1	1
ESYT2	1	12	52	10	36	42	14	8	16	1	6
ETFA	1	1	1	1	4	12	20	36	52	42	34
ETFB	1	1	1	1	4	8	14	38	62	50	22
ETFDH	1	1	1	1	4	12	18	12	96	46	12
ETHE1	1	1	1	1	1	8	16	10	94	42	28
EWSR1	34	158	1	1	1	1	1	1	1	1	8
EXOC1	1	98	102	1	1	1	1	1	1	1	1
EXOC2	1	180	1	6	1	8	1	1	1	1	4
EXOC3	62	90	28	6	6	6	1	1	1	1	1
EXOC4	46	70	76	1	1	1	1	1	1	1	1
EXOC5	70	102	16	1	1	4	1	1	1	1	1
EXOC6	80	80	32	1	8	1	1	1	1	1	1
EXOC6B	48	152	1	1	1	1	1	1	1	1	1
EXOC7	108	90	1	1	1	1	1	1	1	1	1
EXOC8	44	1	148	8	1	1	1	1	1	1	1
EXOSC1	1	54	146	1	1	1	1	1	1	1	1
EXOSC10	1	84	116	1	1	1	1	1	1	1	1
EXOSC2	1	76	124	1	1	1	1	1	1	1	1
EXOSC3	1	76	124	1	1	1	1	1	1	1	1
EXOSC4	1	76	124	1	1	1	1	1	1	1	1
EXOSC5	1	102	98	1	1	1	1	1	1	1	1
EXOSC6	1	100	98	1	1	1	1	1	1	1	1
EXOSC7	1	40	160	1	1	1	1	1	1	1	1
EXOSC8	1	20	180	1	1	1	1	1	1	1	1
EXOSC9	1	60	140	1	1	1	1	1	1	1	1
EZR	58	86	36	8	1	6	1	1	1	1	1
F11R	60	98	20	6	10	4	1	1	1	1	1
F2RL1	200	1	1	1	1	1	1	1	1	1	1
F5	1	100	80	14	1	6	1	1	1	1	1
FA2H	1	1	12	1	36	4	64	44	12	1	22
FABP1	64	52	28	8	10	10	4	8	1	6	10
FABP5	36	16	10	4	124	1	1	4	1	1	8
FADS2	1	1	1	1	34	56	30	22	52	4	1
FAF2	1	1	1	4	38	50	46	38	10	1	12
FAM120A	1	18	96	6	38	24	12	1	1	1	1
FAM134C	1	1	108	24	28	18	14	1	4	4	1
FAM136A	1	1	1	1	1	1	1	1	1	1	1
FAM162A	1	1	1	1	22	32	28	48	1	58	12
FAM175A	1	1	194	6	1	1	1	1	1	1	1
FAM186B	1	1	1	1	1	1	1	1	1	1	1
FAM195A	200	1	1	1	1	1	1	1	1	1	1
FAM213A	1	8	8	1	16	28	58	8	28	40	4
FAM3C	78	92	12	1	16	1	1	1	1	1	1
FAM49B	200	1	1	1	1	1	1	1	1	1	1
FAM83H	1	1	1	1	132	50	18	1	1	1	1
FAM98A	130	70	1	1	1	1	1	1	1	1	1
FAR1	1	1	1	1	8	32	30	40	52	18	18
FAR2	1	1	1	1	1	26	24	70	44	16	18
FARS2	1	1	1	1	1	1	1	106	64	22	10
FARSA	20	152	26	1	1	1	1	1	1	1	1
FARSB	32	146	14	1	1	1	1	1	1	1	6
FASN	8	152	14	1	4	4	1	4	1	4	4
FAT1	1	8	1	1	34	52	26	20	20	24	14
FAU	12	68	92	10	8	6	1	1	1	1	1
FAU	12	68	92	10	8	6	1	1	1	1	1
FBL	1	90	98	1	1	6	1	1	1	1	1
FBXL6	1	1	200	1	1	1	1	1	1	1	1
FDFT1	1	1	12	6	24	44	34	26	24	16	14
FDPS	70	64	12	6	4	8	8	10	8	1	10
FDX1	1	1	1	1	1	1	1	1	1	1	1
FDXR	1	1	1	1	1	1	24	132	30	1	16
FEN1	1	200	1	1	1	1	1	1	1	1	1
FGFBP1	6	84	42	6	10	14	12	14	1	6	6
FGFR4	10	66	46	4	18	18	14	8	8	1	6
FH	1	1	1	1	1	14	18	36	74	42	14
FIGNL1	1	1	1	1	1	1	1	1	1	1	1
FIP1L1	1	1	200	1	1	1	1	1	1	1	1
FIS1	1	1	1	1	1	1	1	1	1	200	1
FKBP1A	1	1	1	1	1	1	1	1	1	1	1
FKBP3	1	200	1	1	1	1	1	1	1	1	1
FKBP4	106	88	1	1	4	1	1	1	1	1	1
FKBP8	1	1	28	4	30	38	26	22	28	12	12
FKBP9	1	1	1	6	18	60	38	22	26	8	24
FLG	1	1	1	1	1	1	1	1	1	1	1
FLG2	1	1	1	1	34	1	1	166	1	1	1
FLII	1	100	96	1	1	1	1	1	1	1	1
FLNA	6	96	28	4	14	18	8	6	10	4	6
FLNB	14	76	32	6	14	18	10	8	10	4	6
FLOT1	56	44	1	96	1	1	1	1	1	1	1
FLOT2	94	70	18	4	6	1	1	1	1	1	1
FMR1	1	8	160	16	16	1	1	1	1	1	1
FNDC3A	1	1	1	1	18	52	38	22	24	22	22
FNDC3B	1	1	1	1	18	1	94	6	52	22	6
FOXRED1	1	1	1	1	1	1	1	1	100	64	36
FRG1	1	92	108	1	1	1	1	1	1	1	1
FRYL	146	54	1	1	1	1	1	1	1	1	1
FTH1	112	86	1	1	1	1	1	1	1	1	1
FTL	130	66	1	1	1	1	1	1	1	1	1
FTSJ3	1	34	166	1	1	1	1	1	1	1	1
FUCA1	158	40	1	1	1	1	1	1	1	1	1
FUCA2	182	18	1	1	1	1	1	1	1	1	1
FUS	74	126	1	1	1	1	1	1	1	1	1
FUT5	1	34	1	14	28	56	14	34	8	4	10
FXR2	1	22	126	12	10	6	1	1	24	1	1
FXYD3	28	76	48	10	12	1	6	6	1	6	6
FYN	1	1	1	28	82	54	6	32	1	1	1
G3BP1	16	84	98	1	1	1	1	1	1	1	1
G3BP2	20	108	68	1	1	1	1	1	1	1	1
G6PD	76	26	1	1	4	4	12	12	16	16	34
GAA	182	18	1	1	1	1	1	1	1	1	1
GADD45GIP1	1	1	1	1	1	1	1	1	1	200	1
GAK	1	1	1	1	1	1	1	1	1	1	200
GALNT1	34	76	42	8	12	18	8	1	1	1	1
GALNT2	1	112	88	1	1	1	1	1	1	1	1
GALNT3	38	152	6	1	1	1	1	1	1	1	1
GALNT6	8	192	1	1	1	1	1	1	1	1	1
GALNT7	1	1	1	1	1	1	1	1	1	1	1
GANAB	1	1	1	1	1	148	52	1	1	1	1
GAPDH	1	1	1	1	1	1	1	1	1	1	1
GAR1	1	120	80	1	1	1	1	1	1	1	1
GARS	134	36	1	1	1	1	1	1	18	4	8
GATAD2A	1	1	200	1	1	1	1	1	1	1	1
GBA	188	12	1	1	1	1	1	1	1	1	1
GBAS	1	1	1	1	1	8	14	38	78	46	16
GBF1	1	156	30	6	4	1	1	1	1	1	1
GCDH	1	1	1	1	1	1	6	50	86	42	16
GCN1L1	1	1	190	1	1	1	1	1	1	1	10
GDF15	1	70	112	1	14	1	1	1	1	1	1
GDI2	122	38	12	1	1	1	1	16	1	1	6
GDPD1	1	1	1	1	80	1	1	1	78	42	1
GEMIN5	34	142	26	1	1	1	1	1	1	1	1
GFAP	1	1	1	1	1	1	1	1	1	1	1
GFM1	1	1	1	1	1	1	24	24	116	16	20
GFPT1	170	28	1	1	1	1	1	1	1	1	1
GGH	124	70	1	1	1	1	1	1	1	1	1
GHDC	1	1	38	4	32	54	22	8	20	4	16
GHITM	1	1	1	1	4	6	22	38	70	44	16
GLB1	144	50	6	1	1	1	1	1	1	1	1
GLG1	1	164	12	4	6	6	6	1	1	1	1
GLO1	156	44	1	1	1	1	1	1	1	1	1
GLOD4	150	1	1	12	1	12	1	1	1	1	28
GLRX3	72	36	66	20	1	1	1	1	1	4	1
GLS	1	1	1	1	1	1	6	42	84	46	20
GLTSCR2	1	16	184	1	1	1	1	1	1	1	1
GLUD1	1	1	1	1	4	14	24	56	72	14	16
GM2A	190	10	1	1	1	1	1	1	1	1	1
GMPPB	156	44	1	1	1	1	1	1	1	1	1
GMPS	6	1	1	1	1	1	1	1	1	114	80
GNA11	48	88	26	6	16	6	4	1	1	1	4
GNA13	40	76	32	10	12	10	6	6	4	1	1
GNAI2	42	82	42	8	6	8	4	4	1	1	1
GNAI3	42	76	52	4	8	6	4	4	1	1	1
GNAO1	1	192	1	8	1	1	1	1	1	1	1
GNAQ	96	64	12	6	14	4	1	4	1	1	1
GNAS	40	98	40	4	6	4	1	1	1	1	1
GNAS	40	98	40	4	6	4	1	1	1	1	1
GNAS	40	98	40	4	6	4	1	1	1	1	1
GNAS	40	98	40	4	6	4	1	1	1	1	1
GNB1	52	68	38	6	12	8	4	4	4	1	1
GNB2	46	64	38	12	16	10	4	1	1	1	6
GNB2L1	48	120	30	1	1	1	1	1	1	1	1
GNG10	122	78	1	1	1	1	1	1	1	1	1
GNG12	62	60	40	10	8	8	4	4	1	1	4
GNG5	92	62	24	1	10	6	1	1	1	1	1
GNL2	1	26	172	1	1	1	1	1	1	1	1
GNL3	1	36	156	4	1	1	1	1	1	1	1
GNPAT	1	1	1	1	6	26	32	16	40	28	54
GNS	192	8	1	1	1	1	1	1	1	1	1
GOLGA2	58	136	4	1	1	1	1	1	1	1	1
GOLGA3	114	86	1	1	1	1	1	1	1	1	1
GOLGA5	30	160	10	1	1	1	1	1	1	1	1
GOLGA7	184	16	1	1	1	1	1	1	1	1	1
GOLGB1	18	170	10	1	1	1	1	1	1	1	1
GOLIM4	64	118	12	4	1	1	1	1	1	1	1
GOLM1	68	126	6	1	1	1	1	1	1	1	1
GOLT1B	1	1	1	1	1	1	1	1	1	1	1
GORASP2	36	148	16	1	1	1	1	1	1	1	1
GOSR1	18	158	20	1	1	1	1	1	1	1	1
GOT1	116	66	1	6	1	1	1	10	1	1	1
GOT2	1	1	1	1	4	14	26	44	70	26	16
GPA33	42	94	38	1	10	6	1	1	1	1	1
GPAA1	48	20	1	22	22	12	20	14	6	1	38
GPD1L	1	1	1	1	8	30	24	30	54	16	36
GPD2	1	1	1	1	8	14	32	52	66	14	14
GPI	82	80	22	1	1	4	4	1	1	1	1
GPR56	1	1	1	1	1	1	1	1	1	1	1
GPRC5A	50	102	30	4	10	4	1	1	1	1	1
GPT2	1	1	1	1	1	1	16	30	110	38	6
GPX1	1	1	1	1	1	1	1	24	108	58	10
GPX8	1	1	1	1	1	1	1	1	1	200	1
GRHPR	1	1	1	1	1	1	1	66	94	1	40
GRPEL1	1	1	1	1	1	1	16	46	76	50	14
GRSF1	1	1	42	1	1	1	18	52	46	20	22
GRWD1	1	122	74	1	1	1	1	1	1	1	1
GSR	96	1	8	1	1	1	12	26	38	8	12
GSTK1	1	4	1	1	4	10	16	28	70	44	24
GSTO1	118	64	8	1	1	1	1	1	1	1	4
GSTP1	118	40	20	1	1	10	1	1	1	1	1
GTF2B	1	200	1	1	1	1	1	1	1	1	1
GTF2H1	1	1	200	1	1	1	1	1	1	1	1
GTF2H2	1	1	200	1	1	1	1	1	1	1	1
GTF2I	76	94	1	1	1	1	1	1	8	1	22
GTF3C1	1	26	174	1	1	1	1	1	1	1	1
GTF3C2	1	1	200	1	1	1	1	1	1	1	1
GTF3C3	1	38	154	1	8	1	1	1	1	1	1
GTF3C4	1	34	166	1	1	1	1	1	1	1	1
GTF3C5	1	12	186	1	1	1	1	1	1	1	1
GTPBP1	1	96	102	1	1	1	1	1	1	1	1
GTPBP10	1	1	1	1	1	1	1	1	156	24	20
GTPBP4	1	90	108	1	1	1	1	1	1	1	1
GUK1	1	1	1	1	1	1	1	58	128	1	14
GUSB	70	24	1	6	10	70	1	10	4	1	4
GYG1	1	40	24	18	42	38	36	1	1	1	1
GYS1	1	66	70	14	22	24	4	1	1	1	1
GYS2	6	54	74	8	28	22	4	1	1	1	1
H1F0	1	98	80	1	1	1	1	1	1	1	12
H1FX	1	114	74	4	1	1	1	1	1	1	1
H2AFX	1	1	1	1	1	1	1	1	1	1	200
H2AFY	1	18	14	1	10	16	22	20	22	14	62
H2AFZ	1	26	34	1	16	20	14	18	1	32	40
H3F3A	1	22	28	8	8	18	16	16	1	40	38
H6PD	1	1	1	1	1	104	60	1	22	12	1
HACL1	1	1	1	1	1	22	46	30	48	18	30
HADH	1	1	26	1	16	1	8	30	72	30	16
HADHA	1	1	1	1	4	14	36	46	64	22	16
HADHB	1	1	1	1	1	14	24	52	68	28	12
HARS	1	1	1	1	1	1	1	1	1	1	1
HAS1	1	1	1	1	1	1	1	1	1	1	1
HBA1	1	1	104	36	38	1	1	1	1	22	1
HDAC1	10	62	116	1	1	1	4	1	1	1	8
HDGF	52	100	1	1	1	1	1	20	1	1	26
HDHD3	1	1	1	1	1	1	1	1	6	194	1
HDLBP	4	42	12	1	1	6	20	12	16	34	58
HECTD3	184	16	1	1	1	1	1	1	1	1	1
HELZ2	1	88	64	6	16	1	6	1	1	1	18
HEPH	10	70	88	12	8	6	4	1	1	1	1
HERC2	1	1	192	1	4	1	1	1	1	1	1
HERPUD1	1	1	1	1	1	80	120	1	1	1	1
HEXA	172	28	1	1	1	1	1	1	1	1	1
HEXB	152	48	1	1	1	1	1	1	1	1	1
HIBADH	1	1	1	1	1	1	1	92	1	1	108
HIBCH	1	1	1	1	1	6	22	62	36	54	20
HINT1	200	1	1	1	1	1	1	1	1	1	1
HINT2	1	1	1	1	1	8	12	38	1	92	50
HINT3	200	1	1	1	1	1	1	1	1	1	1
HIST1H1C	1	76	74	4	6	8	6	6	6	4	10
HIST1H1D	1	1	1	1	1	1	1	1	180	16	6
HIST1H1E	1	70	50	14	14	12	6	12	6	6	6
HIST1H4A	1	18	28	10	18	22	18	16	1	34	34
HIST2H2AB	1	20	20	8	14	22	18	14	1	58	26
HIST2H3PS2	1	22	10	14	26	12	24	16	1	44	30
HIST3H2BB	1	28	30	6	18	26	12	12	1	32	38
HK1	1	1	66	1	4	1	24	18	62	1	22
HK2	1	1	1	1	1	1	14	14	172	1	1
HM13	1	1	1	8	34	46	34	20	28	10	18
HMGA1	1	46	78	14	16	10	8	8	1	4	14
HMGB1	72	96	10	4	1	1	1	4	1	1	8
HMGB2	48	118	32	1	1	1	1	1	1	1	1
HMGB3	32	150	16	1	1	1	1	1	1	1	1
HMGCL	1	1	1	1	1	6	20	46	28	48	52
HMGCS1	162	38	1	1	1	1	1	1	1	1	1
HMGCS2	1	1	1	6	6	32	24	30	52	36	14
HMOX2	1	4	14	8	32	54	24	20	24	8	14
HNRNPA0	6	82	98	6	6	1	1	1	1	1	1
HNRNPA1	10	86	96	4	1	1	1	1	1	1	1
HNRNPA2B1	12	104	76	4	4	1	1	1	1	1	1
HNRNPA3	8	74	106	6	1	1	1	1	1	1	1
HNRNPAB	8	76	104	6	4	1	1	1	1	1	1
HNRNPC	1	10	36	10	34	40	30	16	10	4	10
HNRNPCL1	1	1	1	1	200	1	1	1	1	1	1
HNRNPD	4	96	96	4	1	1	1	1	1	1	1
HNRNPF	38	62	60	6	4	4	1	24	4	1	1
HNRNPH1	44	68	50	6	8	10	6	1	4	1	1
HNRNPH2	1	1	1	1	1	1	1	1	1	1	1
HNRNPH3	100	100	1	1	1	1	1	1	1	1	1
HNRNPK	16	48	108	8	6	4	1	1	1	1	1
HNRNPL	1	64	98	1	12	14	6	1	1	1	1
HNRNPM	12	100	72	6	4	1	1	1	1	1	1
HNRNPR	1	14	98	12	32	28	12	1	1	1	1
HNRNPU	10	90	80	4	6	4	1	1	1	1	1
HNRNPUL1	1	52	112	4	16	12	4	1	1	1	1
HNRNPUL2	20	18	148	8	1	6	1	1	1	1	1
HP1BP3	1	108	88	1	1	1	1	1	1	1	1
HPGD	122	44	1	8	1	1	6	6	4	1	8
HPRT1	122	78	1	1	1	1	1	1	1	1	1
HPSE	1	200	1	1	1	1	1	1	1	1	1
HRNR	1	1	1	1	28	1	70	18	6	12	66
HSD17B10	1	1	1	1	1	4	20	30	68	58	20
HSD17B11	1	6	1	6	22	38	46	14	42	14	12
HSD17B12	1	4	12	6	26	42	30	20	26	14	16
HSD17B4	1	1	1	1	10	34	28	34	42	20	28
HSD17B7	1	1	10	1	10	50	24	32	44	28	1
HSD17B8	1	1	1	1	1	1	1	36	100	42	22
HSDL1	108	1	1	1	1	14	1	38	34	6	1
HSDL2	1	1	1	1	1	4	24	58	54	32	28
HSP90AA1	76	56	18	6	8	8	8	6	6	1	6
HSP90AB1	72	56	22	6	8	10	8	6	6	1	6
HSP90AB2P	1	1	1	1	1	1	1	1	1	1	1
HSP90AB4P	200	1	1	1	1	1	1	1	1	1	1
HSP90B1	4	10	10	8	24	52	24	14	24	14	16
HSPA1A	44	54	46	4	10	12	8	4	6	1	8
HSPA4	200	1	1	1	1	1	1	1	1	1	1
HSPA4L	168	1	22	1	1	1	1	1	1	1	4
HSPA5	8	22	20	6	18	40	26	22	24	6	10
HSPA8	36	54	40	6	10	14	10	10	8	1	8
HSPA9	1	1	1	1	6	16	28	46	64	18	22
HSPB1	54	48	1	1	76	1	1	6	1	1	10
HSPD1	4	1	1	1	12	16	30	40	36	34	26
HSPE1	1	1	1	1	10	16	22	44	1	64	38
HTATIP2	42	1	1	4	4	88	28	10	18	1	6
HTATSF1	178	1	22	1	1	1	1	1	1	1	1
HTRA2	1	1	1	1	1	1	10	80	50	42	16
HUWE1	178	1	1	1	1	1	1	22	1	1	1
HYOU1	1	1	1	4	20	70	40	16	20	14	12
IARS	18	82	84	1	1	1	4	1	1	1	4
IARS2	1	1	1	1	1	1	1	24	78	80	18
IBA57	1	1	1	1	1	1	1	40	84	48	28
ICMT	1	1	1	1	1	1	100	1	100	1	1
ICOSLG	200	1	1	1	1	1	1	1	1	1	1
ICT1	1	1	1	1	1	1	1	1	1	200	1
IDE	88	1	1	1	12	8	14	1	24	14	42
IDH1	82	66	12	1	1	8	4	6	6	4	12
IDH2	6	6	1	1	1	6	22	42	50	40	24
IDH3A	1	1	1	1	1	4	30	48	56	34	28
IDH3B	1	1	1	1	1	1	6	50	78	56	10
IDI1	60	44	1	1	1	12	1	26	58	1	1
IER3IP1	12	56	38	8	24	28	18	1	1	10	8
IFIT2	1	196	1	1	1	1	1	1	1	4	1
IFIT5	1	1	1	1	1	1	1	1	1	1	1
IFITM3	50	66	72	4	6	1	1	1	1	1	1
IGF2BP2	1	8	100	6	36	36	10	1	1	1	1
IGF2BP3	1	12	90	12	36	32	12	4	1	1	1
IGF2R	1	100	86	6	1	1	1	1	1	1	1
IGHMBP2	1	1	200	1	1	1	1	1	1	1	1
IK	1	1	8	6	86	72	28	1	1	1	1
IKBIP	1	1	1	1	1	154	18	1	28	1	1
IKBKAP	1	1	1	1	1	1	1	1	1	1	1
ILF2	1	88	76	4	12	8	6	4	1	1	1
ILF3	1	60	76	6	18	20	10	4	1	1	1
ILK	142	26	1	16	14	1	1	1	1	1	4
ILVBL	1	1	30	8	38	42	32	6	30	8	8
IMMT	1	1	1	1	1	1	24	38	74	48	16
IMP3	1	162	38	1	1	1	1	1	1	1	1
IMPAD1	68	98	4	1	1	28	1	1	1	1	1
IMPDH2	132	58	1	1	1	1	1	1	1	1	1
INF2	1	28	92	4	1	8	20	6	14	10	14
INSR	128	72	1	1	1	1	1	1	1	1	1
INTS6	1	144	56	1	1	1	1	1	1	1	1
IPO4	84	54	30	4	1	16	6	4	1	1	1
IPO5	68	6	1	1	12	4	20	16	34	8	32
IPO7	30	118	50	1	1	1	1	1	1	1	1
IQGAP1	44	82	42	4	10	8	6	1	4	1	1
IQGAP3	16	34	148	1	1	1	1	1	1	1	1
IREB2	78	122	1	1	1	1	1	1	1	1	1
ISG15	200	1	1	1	1	1	1	1	1	1	1
ISY1	1	1	1	1	128	36	22	1	1	1	14
ITGA2	12	78	60	6	14	12	8	4	1	1	4
ITGA3	38	50	74	8	8	8	4	1	1	1	1
ITGA6	90	72	28	6	4	1	1	1	1	1	1
ITGAV	20	70	40	8	1	36	4	10	4	1	6
ITGB1	16	58	52	6	20	18	10	6	6	1	4
ITGB4	18	86	48	6	12	12	6	4	4	1	1
ITM2B	200	1	1	1	1	1	1	1	1	1	1
ITPR3	1	1	1	4	20	44	34	26	24	36	10
IVD	1	1	1	1	1	1	18	36	102	28	14
JAGN1	1	1	1	1	36	1	46	4	8	62	44
JAK1	82	114	1	4	1	1	1	1	1	1	1
JUP	52	68	36	6	14	10	8	4	1	1	1
KARS	82	66	46	1	1	1	1	1	1	1	1
KCTD14	1	44	1	1	1	1	1	46	110	1	1
KDELR2	1	1	1	1	1	1	1	1	1	1	1
KDSR	1	4	10	12	28	72	18	18	22	4	12
KHDRBS1	54	54	54	6	6	6	8	4	1	1	6
KHSRP	122	78	1	1	1	1	1	1	1	1	1
KIAA0020	1	18	182	1	1	1	1	1	1	1	1
KIAA1522	10	90	94	1	1	1	1	1	1	1	1
KIAA2013	54	88	58	1	1	1	1	1	1	1	1
KIF14	1	1	1	1	1	1	1	1	200	1	1
KIF1C	1	84	106	4	1	4	1	1	1	1	1
KIF2A	1	80	116	1	1	1	1	1	1	1	1
KIF4A	1	1	1	1	1	1	1	1	1	1	1
KIF4B	1	1	1	1	1	1	1	1	1	200	1
KIF5B	134	28	1	1	1	1	8	4	4	1	14
KIFC1	134	38	28	1	1	1	1	1	1	1	1
KPNB1	92	46	1	8	10	14	1	6	1	1	16
KRAS	64	88	28	8	8	1	1	1	1	1	1
KRR1	20	164	16	1	1	1	1	1	1	1	1
KRT18	22	42	30	8	20	20	18	14	10	6	8
KRTCAP2	1	1	1	1	200	1	1	1	1	1	1
KTN1	1	1	1	1	24	38	40	16	38	20	22
LACTB2	1	1	1	1	1	6	20	42	34	28	70
LAD1	32	76	64	8	10	4	1	4	1	1	1
LAMB1	1	1	1	1	60	1	56	18	30	18	18
LAMB2	1	1	1	1	1	162	1	38	1	1	1
LAMB3	1	1	1	1	8	70	38	24	26	10	22
LAMC2	1	1	1	1	1	48	20	1	44	34	54
LAMP1	110	70	16	1	1	1	1	1	1	1	1
LAMP2	134	48	12	1	1	1	1	1	1	1	1
LAMTOR1	132	54	12	1	1	1	1	1	1	1	1
LAMTOR3	78	120	1	1	1	1	1	1	1	1	1
LAP3	66	1	1	1	1	1	18	34	52	6	24
LARP1	1	60	132	4	1	1	1	1	1	1	1
LARP4	1	10	190	1	1	1	1	1	1	1	1
LARP4B	1	124	74	1	1	1	1	1	1	1	1
LARS	148	20	30	1	1	1	1	1	1	1	1
LARS2	1	1	1	1	1	1	1	34	164	1	1
LASP1	56	102	20	1	4	1	1	4	1	1	6
LBR	1	1	8	6	26	32	52	14	32	12	18
LCLAT1	1	1	1	1	34	96	36	14	16	1	4
LCN15	14	86	42	6	20	16	8	6	1	1	1
LCP1	1	1	1	1	1	1	1	1	1	1	1
LDHA	62	46	20	4	6	12	8	10	16	8	10
LDHB	40	30	10	1	6	20	16	16	32	10	18
LDLR	1	132	32	1	1	12	10	6	4	4	1
LEMD2	1	1	1	1	128	50	1	1	12	1	8
LETM1	1	1	1	1	14	24	52	46	40	8	16
LGALS1	174	26	1	1	1	1	1	1	1	1	1
LGALS3	106	56	10	1	6	6	4	4	1	1	1
LGALS3BP	118	54	12	1	1	1	1	1	1	1	1
LGALS4	46	62	36	6	8	10	6	8	4	4	10
LGALS8	74	58	68	1	1	1	1	1	1	1	1
LIG3	1	62	66	4	24	20	6	1	1	1	12
LIMA1	40	72	50	8	8	8	4	1	1	1	4
LIMS3	56	60	72	6	6	1	1	1	1	1	1
LIN7C	70	68	28	1	6	4	4	4	6	4	1
LLGL1	48	152	1	1	1	1	1	1	1	1	1
LLGL2	34	86	56	1	8	4	6	1	1	1	1
LLPH	1	1	154	1	1	1	1	1	1	1	46
LMAN1	4	84	52	1	18	16	8	6	6	1	1
LMAN2	16	66	48	4	12	24	10	6	8	1	4
LMNA	1	1	1	1	10	14	14	18	10	20	114
LMNB1	4	1	16	6	32	34	26	8	18	8	50
LMNB2	1	1	14	4	40	38	44	6	8	4	44
LMO7	1	78	34	4	12	36	12	10	6	1	4
LNP	1	4	42	8	24	36	40	6	14	20	6
LNPEP	10	86	96	1	1	1	1	1	1	1	1
LONP1	1	1	1	1	1	16	22	24	60	54	26
LONP2	1	1	1	1	1	28	22	26	64	22	36
LPCAT1	1	1	16	6	26	50	40	22	24	4	12
LPCAT2	1	1	1	1	54	50	54	14	18	1	8
LPCAT3	1	1	1	1	16	70	30	24	44	1	16
LPCAT4	1	1	26	1	48	128	1	1	1	1	1
LPGAT1	1	1	1	1	68	26	28	10	66	1	1
LRPAP1	1	1	4	1	40	54	36	20	28	12	4
LRPPRC	1	1	1	1	1	16	26	34	50	46	24
LRRC1	40	98	60	1	1	1	1	1	1	1	1
LRRC47	6	136	58	1	1	1	1	1	1	1	1
LRRC57	110	52	32	1	1	1	1	1	4	1	1
LRRC59	1	4	12	6	16	44	20	24	40	18	14
LRRFIP1	1	122	72	1	1	1	1	1	1	1	1
LSG1	1	20	30	20	58	40	12	6	8	1	4
LSM12	74	64	60	1	1	1	1	1	1	1	1
LSM14A	1	188	1	1	1	1	1	1	1	1	12
LSM2	200	1	1	1	1	1	1	1	1	1	1
LSM6	156	44	1	1	1	1	1	1	1	1	1
LSR	58	64	54	4	10	4	4	1	1	1	1
LSS	1	12	16	4	20	52	32	22	26	6	10
LUC7L	1	186	14	1	1	1	1	1	1	1	1
LUC7L2	10	100	88	1	1	1	1	1	1	1	1
LUC7L3	1	102	98	1	1	1	1	1	1	1	1
LUZP1	42	102	1	1	1	1	40	8	1	1	8
LYAR	1	88	112	1	1	1	1	1	1	1	1
LYN	62	82	56	1	1	1	1	1	1	1	1
LYRM7	1	1	1	1	1	1	1	1	1	200	1
M6PR	1	80	120	1	1	1	1	1	1	1	1
MACF1	1	132	54	10	1	1	1	1	1	4	1
MAGEB3	1	1	1	1	1	1	1	1	1	1	1
MAGOHB	1	1	44	1	64	54	20	4	1	1	4
MAGT1	1	1	1	1	18	46	38	26	28	22	24
MAL2	18	76	76	1	14	8	4	1	1	1	1
MAN2A1	4	134	58	1	4	1	1	1	1	1	1
MAN2B1	188	1	1	1	12	1	1	1	1	1	1
MANBA	200	1	1	1	1	1	1	1	1	1	1
MANF	1	1	1	1	46	76	32	24	1	6	16
MAP1LC3B	1	1	1	1	1	1	1	1	1	1	1
MAP4	1	134	62	1	1	1	1	1	1	1	1
MAP4K4	1	1	1	1	46	62	38	16	22	4	10
MAP7	1	94	98	4	1	1	1	1	1	1	1
MAP7D1	1	1	1	1	1	1	1	1	1	1	1
MARCKSL1	42	90	32	8	8	6	4	4	1	1	1
MARK3	1	84	112	1	1	1	1	1	1	1	1
MARS	130	54	6	1	1	1	1	1	4	1	4
MARS_2	1	1	1	1	1	1	1	22	8	94	76
MAT2B	200	1	1	1	1	1	1	1	1	1	1
MATR3	1	22	94	8	28	24	12	1	1	1	4
MAVS	1	1	1	1	4	8	52	48	62	12	12
MBD1	1	1	1	1	1	1	26	22	1	1	152
MBOAT7	1	1	1	6	30	38	36	22	26	18	22
MCAT	1	1	1	1	1	1	1	44	136	20	1
MCCC2	1	1	1	1	1	1	18	42	94	28	14
MCM2	200	1	1	1	1	1	1	1	1	1	1
MCM3	124	58	16	1	1	1	1	1	1	1	1
MCM5	156	28	16	1	1	1	1	1	1	1	1
MCM6	200	1	1	1	1	1	1	1	1	1	1
MCM7	194	6	1	1	1	1	1	1	1	1	1
MDC1	1	1	1	1	1	1	1	22	24	1	154
MDH1	62	10	1	4	6	22	12	22	20	16	26
MDH2	1	1	1	1	4	16	20	36	56	30	38
ME2	1	1	1	1	1	6	30	24	88	34	18
MECR	1	1	1	1	1	1	1	22	122	40	18
MED1	1	1	1	1	1	1	1	1	1	1	1
MED10	200	1	1	1	1	1	1	1	1	1	1
MED30	12	96	66	8	10	1	4	1	1	1	4
MESDC2	1	6	8	4	22	42	26	32	38	18	4
MEST	1	1	1	1	40	92	1	36	1	1	32
METTL7B	1	1	1	10	10	20	30	26	8	42	52
MFAP1	1	1	1	4	72	82	34	4	1	1	6
MFF	1	1	6	1	1	10	28	34	92	28	4
MGAT1	10	134	56	1	1	1	1	1	1	1	1
MGST1	1	1	24	10	24	46	18	22	1	42	12
MGST2	10	36	32	1	26	44	12	10	6	26	1
MGST3	1	1	1	1	1	1	1	200	1	1	1
MIA3	1	1	6	1	18	72	30	18	36	12	6
MICAL2	1	1	36	1	54	46	62	1	1	1	1
MIF	58	56	34	6	8	12	4	8	1	8	6
MINK1	36	90	64	1	1	1	1	1	1	1	1
MIPEP	1	1	1	1	1	1	16	24	112	48	1
MKI67	1	1	1	1	1	1	1	1	28	1	172
MLEC	1	1	1	6	26	32	36	18	32	20	28
MLLT4	1	174	10	10	1	1	1	1	1	1	1
MMAA	1	1	1	1	1	1	1	1	200	1	1
MMAB	1	1	1	1	1	1	1	18	110	60	12
MMTAG2	1	56	140	4	1	1	1	1	1	1	1
MOB1B	98	102	1	1	1	1	1	1	1	1	1
MOGS	1	1	1	1	22	40	50	22	40	10	14
MORC2	1	94	106	1	1	1	1	1	1	1	1
MORF4L2	1	42	158	1	1	1	1	1	1	1	1
MOSPD2	1	1	1	12	44	62	38	14	20	4	6
MOV10	1	32	136	4	12	4	4	1	1	1	1
MP68	1	1	1	1	1	4	20	62	1	98	16
MPHOSPH10	1	1	200	1	1	1	1	1	1	1	1
MPHOSPH6	1	118	82	1	1	1	1	1	1	1	1
MPP6	1	180	1	1	20	1	1	1	1	1	1
MPP7	200	1	1	1	1	1	1	1	1	1	1
MRGBP	1	1	200	1	1	1	1	1	1	1	1
MROH6	40	78	70	4	8	1	1	1	1	1	1
MRPL1	1	1	1	1	1	1	1	6	190	4	1
MRPL11	1	1	1	1	1	1	1	1	1	200	1
MRPL12	1	1	1	1	1	12	14	68	1	54	50
MRPL13	1	1	1	1	1	1	1	1	1	1	1
MRPL15	1	1	1	1	1	1	1	1	200	1	1
MRPL17	1	1	1	1	1	1	1	1	1	1	1
MRPL18	1	1	1	1	1	1	1	1	1	1	1
MRPL19	1	1	34	1	1	1	10	14	72	58	14
MRPL27	18	1	24	8	10	32	10	8	12	56	20
MRPL37	1	1	1	1	1	1	1	120	44	36	1
MRPL38	1	1	1	1	1	1	1	10	100	84	8
MRPL39	1	1	1	1	1	1	1	46	60	52	42
MRPL40	1	1	1	1	1	1	1	1	1	1	1
MRPL43	1	1	1	1	1	1	1	1	1	1	1
MRPL44	46	1	1	1	16	1	10	18	56	22	30
MRPL46	1	1	1	1	1	1	20	56	48	58	16
MRPL47	1	1	1	1	1	1	1	1	1	200	1
MRPL48	1	1	1	1	1	1	1	1	1	1	1
MRPL53	1	1	1	1	1	1	1	1	1	200	1
MRPS15	1	1	1	1	1	1	1	1	200	1	1
MRPS2	1	30	1	1	1	1	12	22	44	74	18
MRPS22	1	1	1	1	1	1	12	42	36	50	60
MRPS23	6	1	1	1	1	6	12	20	82	58	18
MRPS26	1	1	1	1	1	1	1	30	112	46	12
MRPS27	1	1	1	1	1	1	1	16	160	22	1
MRPS28	1	1	1	1	1	1	1	1	1	200	1
MRPS31	1	1	1	1	1	1	1	1	200	1	1
MRPS33	1	1	1	1	1	1	1	1	1	84	116
MRPS34	4	6	1	1	1	1	6	32	42	64	46
MRPS36	1	1	1	1	1	1	1	56	1	84	60
MRPS5	1	1	1	1	1	1	16	38	72	46	28
MRTO4	1	156	40	1	1	1	1	1	1	1	1
MSH3	1	1	1	1	1	1	1	1	1	1	1
MSI2	1	1	130	1	52	18	1	1	1	1	1
MSMO1	1	1	1	1	28	54	34	12	68	1	6
MSN	46	104	44	4	1	1	1	1	1	1	1
MST1R	4	26	1	14	32	70	22	4	14	10	4
MTA2	14	118	66	1	1	1	1	1	1	1	1
MTCH1	1	1	1	1	1	1	200	1	1	1	1
MTCH2	1	1	1	1	6	14	34	38	66	30	10
MTDH	1	1	1	4	18	50	36	32	38	6	18
MTFP1	1	1	1	1	1	1	1	1	1	1	1
MTHFD1	80	98	6	1	1	1	1	1	1	1	8
MTHFD1L	10	1	1	1	1	1	36	24	66	46	18
MTHFD2	1	1	1	1	1	1	1	90	1	110	1
MTOR	1	1	1	1	1	1	1	1	1	1	1
MTUS1	1	200	1	1	1	1	1	1	1	1	1
MTX1	1	1	1	1	14	1	16	50	68	36	16
MTX2	1	1	1	1	1	10	22	48	56	42	22
MUC13	54	72	54	4	8	4	1	1	1	1	1
MUC2	4	22	16	6	20	30	28	16	20	12	24
MUC5AC	1	1	1	1	18	28	20	22	1	86	22
MUC5B	1	1	1	1	1	1	1	1	1	1	1
MUC6	10	14	1	4	22	44	34	18	16	20	18
MUT	1	1	1	1	1	1	22	36	110	10	22
MVP	1	1	134	22	24	12	4	1	1	1	1
MYADM	46	80	58	4	12	1	1	1	1	1	1
MYBBP1A	1	40	160	1	1	1	1	1	1	1	1
MYCBP	200	1	1	1	1	1	1	1	1	1	1
MYH10	1	1	1	1	1	1	1	1	1	1	1
MYH14	6	94	42	10	16	12	8	6	4	1	1
MYH9	8	84	42	10	20	12	8	4	6	1	4
MYL12B	42	84	30	10	12	6	4	4	1	1	4
MYL6	38	78	36	10	12	8	4	4	1	4	6
MYO18A	1	130	24	8	16	4	4	6	4	1	1
MYO1B	50	62	42	8	12	12	6	1	1	1	1
MYO1C	1	1	1	1	200	1	1	1	1	1	1
MYO1D	34	72	54	8	14	10	4	1	1	1	1
MYO1E	22	86	46	6	18	12	6	1	1	1	1
MYO3B	24	1	158	1	16	1	1	1	1	1	1
MYO5B	1	34	14	18	80	30	10	6	6	1	1
MYO6	1	92	66	8	18	4	4	1	1	1	1
MYO7B	1	1	1	1	1	1	1	1	1	1	1
MYOF	1	92	64	8	20	6	6	1	1	1	1
MZT2B	200	1	1	1	1	1	1	1	1	1	1
NACAP1	40	98	64	1	1	1	1	1	1	1	1
NADSYN1	200	1	1	1	1	1	1	1	1	1	1
NAGA	200	1	1	1	1	1	1	1	1	1	1
NAP1L4	126	74	1	1	1	1	1	1	1	1	1
NAPA	102	32	66	1	1	1	1	1	1	1	1
NAPG	42	84	76	1	1	1	1	1	1	1	1
NARS	18	66	112	1	1	1	1	1	1	1	1
NAT10	1	52	146	1	1	1	1	1	1	1	1
NBAS	1	1	1	1	20	92	32	4	12	32	6
NCALD	46	128	24	1	1	1	1	1	1	1	1
NCAPD3	4	196	1	1	1	1	1	1	1	1	1
NCBP1	18	38	144	1	1	1	1	1	1	1	1
NCEH1	1	1	1	1	4	50	54	36	32	1	18
NCKAP1	60	82	46	4	1	1	1	1	1	1	1
NCL	1	94	72	10	6	6	1	1	1	1	1
NCLN	1	1	1	1	30	40	30	30	38	10	18
NCSTN	18	82	44	10	14	10	8	1	4	1	4
NDRG1	94	64	8	8	1	6	8	8	1	1	4
NDUFA10	1	1	1	1	12	1	30	70	32	42	12
NDUFA12	1	1	1	1	1	1	1	84	1	116	1
NDUFA13	1	1	1	1	1	1	1	1	1	1	1
NDUFA2	1	1	1	1	1	1	1	1	1	200	1
NDUFA4	1	1	1	1	1	22	20	66	1	70	24
NDUFA5	1	1	1	6	1	1	1	76	1	92	26
NDUFA6	1	1	1	1	12	20	24	40	1	80	24
NDUFA7	1	1	1	1	1	1	1	78	1	122	1
NDUFA8	1	1	1	1	1	1	1	1	1	1	1
NDUFA9	1	1	1	1	4	20	16	24	94	24	16
NDUFAB1	1	1	1	1	1	1	12	78	1	68	42
NDUFAF2	1	1	1	1	1	1	1	1	1	1	1
NDUFAF3	1	1	1	1	1	1	1	1	1	200	1
NDUFAF4	1	1	1	1	1	1	1	38	52	106	6
NDUFB10	1	1	1	1	12	10	1	40	52	68	18
NDUFB11	1	1	1	1	1	28	24	40	1	76	32
NDUFB3	1	1	1	1	1	1	1	66	1	134	1
NDUFB4	1	1	1	1	1	1	1	1	1	200	1
NDUFB7	1	1	1	1	34	1	1	66	1	100	1
NDUFB9	1	1	1	1	8	58	10	28	34	44	20
NDUFC2	1	1	1	1	1	1	1	1	1	200	1
NDUFS1	1	1	1	1	4	16	24	44	80	18	16
NDUFS2	1	1	1	1	6	14	20	62	52	34	14
NDUFS3	1	1	1	1	1	54	48	18	42	20	14
NDUFS7	1	1	1	1	1	1	1	1	1	200	1
NDUFS8	1	1	1	6	1	1	1	34	112	38	10
NDUFV1	1	1	1	1	1	30	30	38	74	16	10
NDUFV2	1	1	1	1	1	1	6	28	64	84	12
NDUFV3	1	1	1	1	1	16	56	24	54	12	36
NEMF	1	74	124	1	1	1	1	1	1	1	1
NENF	1	1	1	40	94	1	66	1	1	1	1
NF2	24	140	38	1	1	1	1	1	1	1	1
NFU1	1	1	1	1	1	1	1	50	134	16	1
NHP2	1	1	200	1	1	1	1	1	1	1	1
NHP2L1	1	200	1	1	1	1	1	1	1	1	1
NIP7	1	200	1	1	1	1	1	1	1	1	1
NIPSNAP1	1	1	1	1	1	1	12	46	56	50	32
NLN	1	1	1	1	1	1	1	56	104	20	20
NME1	116	84	1	1	1	1	1	1	1	1	1
NMNAT1	1	1	40	100	12	38	1	10	1	1	1
NMT1	1	114	84	1	1	1	1	1	1	1	1
NNT	1	1	1	1	1	1	36	20	74	48	20
NOC2L	1	1	200	1	1	1	1	1	1	1	1
NOC3L	1	88	112	1	1	1	1	1	1	1	1
NOC4L	1	120	80	1	1	1	1	1	1	1	1
NOMO2	1	1	1	1	26	54	42	20	22	16	18
NONO	12	142	44	1	1	1	1	1	1	1	1
NOP2	1	72	128	1	1	1	1	1	1	1	1
NOP56	1	1	200	1	1	1	1	1	1	1	1
NPC2	174	26	1	1	1	1	1	1	1	1	1
NPEPPS	88	88	14	1	1	1	1	1	4	1	4
NPM1	1	88	76	14	6	4	1	1	1	1	1
NPM3	1	28	172	1	1	1	1	1	1	1	1
NPTN	58	1	1	8	30	52	38	1	12	1	1
NQO1	122	40	14	1	6	1	1	6	1	4	1
NRAS	52	148	1	1	1	1	1	1	1	1	1
NSDHL	1	8	22	8	28	42	24	22	22	10	16
NSF	106	92	1	1	1	1	1	1	1	1	1
NSUN2	1	84	112	1	1	1	1	1	1	1	1
NSUN5	1	200	1	1	1	1	1	1	1	1	1
NT5DC2	1	1	1	1	1	1	14	8	140	38	1
NUCB1	44	124	18	4	1	1	1	1	1	1	1
NUCB2	24	94	24	8	12	16	6	6	6	1	1
NUDC	200	1	1	1	1	1	1	1	1	1	1
NUDT19	1	1	1	1	1	1	26	56	64	38	18
NUDT21	54	106	42	1	1	1	1	1	1	1	1
NUDT5	200	1	1	1	1	1	1	1	1	1	1
NUFIP2	6	142	50	1	1	1	1	1	1	1	1
NUMA1	1	188	12	1	1	1	1	1	1	1	1
NUP210	1	1	1	1	12	44	36	30	38	24	16
NUP98	1	1	1	1	1	1	1	14	1	40	144
NXF1	1	22	176	1	1	1	1	1	1	1	1
OAS1	1	104	74	6	1	1	1	12	4	1	1
OAS3	1	118	82	1	1	1	1	1	1	1	1
OASL	1	1	200	1	1	1	1	1	1	1	1
OAT	1	1	1	1	1	1	26	10	102	54	6
OCIAD1	1	1	1	1	14	32	22	52	54	8	20
OCIAD2	1	1	1	1	1	1	1	60	1	140	1
OCLN	200	1	1	1	1	1	1	1	1	1	1
ODR4	1	1	1	1	18	52	62	30	30	1	12
OGDH	1	1	1	1	1	6	12	22	78	54	26
OLA1	1	1	1	1	1	1	1	1	1	1	1
OPA1	1	1	1	1	12	18	34	38	70	16	12
ORMDL1	1	1	1	1	1	1	1	1	1	1	1
ORMDL2	1	1	24	10	32	60	22	1	1	36	18
ORMDL3	1	1	30	1	38	18	34	28	1	32	18
OS9	1	1	1	1	50	132	18	1	1	1	1
OSBPL5	1	1	1	1	46	40	44	14	22	10	18
OSBPL8	1	1	6	1	44	34	38	34	18	16	8
OSTC	1	1	1	6	4	28	24	26	4	108	1
OXA1L	1	1	1	1	6	20	42	38	48	28	18
OXCT1	1	1	1	1	1	1	24	32	102	30	8
OXSR1	52	70	42	4	8	6	6	4	1	1	8
P4HA1	1	1	6	4	38	54	34	4	36	12	12
P4HA2	1	1	1	4	18	78	56	18	26	1	1
P4HB	4	10	16	4	28	36	30	28	20	8	14
PA2G4	4	134	60	1	1	1	1	1	1	1	1
PABPC1	6	50	114	12	6	4	4	1	1	1	1
PABPC4	4	50	122	10	4	1	1	1	1	1	1
PABPN1	4	18	110	12	28	18	8	4	1	1	1
PACSIN2	40	68	84	8	1	1	1	1	1	1	1
PACSIN3	32	112	42	8	1	4	1	1	1	1	1
PAFAH1B2	1	1	1	1	1	1	1	200	1	1	1
PAFAH1B3	142	28	1	1	6	6	1	4	4	4	1
PAFAH2	1	1	1	1	1	10	20	38	88	28	16
PAG1	92	48	60	1	1	1	1	1	1	1	1
PAICS	90	90	1	1	1	1	1	6	4	1	4
PAK2	150	1	1	4	1	1	1	16	1	1	30
PAM16	1	1	1	1	1	1	1	1	1	200	1
PAPSS2	200	1	1	1	1	1	1	1	1	1	1
PARD6B	1	54	28	1	1	1	1	118	1	1	1
PARK7	152	1	1	1	1	1	1	1	20	1	28
PARP1	1	98	96	1	1	1	1	1	1	1	1
PARP4	1	1	150	16	24	8	1	1	1	1	1
PBRM1	1	88	112	1	1	1	1	1	1	1	1
PBXIP1	1	1	1	1	30	114	22	10	16	1	10
PC	1	1	1	1	1	1	24	24	56	82	14
PCBP1	24	54	40	6	16	14	12	12	8	4	8
PCBP2	22	74	68	1	10	8	4	1	6	1	6
PCCB	1	1	1	1	1	1	1	68	88	44	1
PCK2	1	1	1	1	1	10	28	26	80	22	32
PCM1	1	32	100	14	26	14	8	1	1	1	1
PCMT1	1	166	1	1	1	1	1	34	1	1	1
PCNA	140	32	14	1	1	4	1	1	1	6	1
PCYOX1	1	1	12	1	22	50	46	14	30	8	12
PCYOX1L	1	1	1	1	1	200	1	1	1	1	1
PDAP1	130	70	1	1	1	1	1	1	1	1	1
PDCD10	56	144	1	1	1	1	1	1	1	1	1
PDCD4	200	1	1	1	1	1	1	1	1	1	1
PDCD5	200	1	1	1	1	1	1	1	1	1	1
PDCD6	6	146	46	1	1	1	1	1	1	1	1
PDCD6IP	116	22	20	1	12	8	4	4	6	1	8
PDCL	200	1	1	1	1	1	1	1	1	1	1
PDHA1	1	1	1	1	1	1	10	48	80	42	18
PDHB	1	1	1	1	1	6	18	34	92	22	24
PDHX	1	1	1	1	1	1	10	32	112	1	46
PDIA3	1	8	14	6	20	46	32	26	26	8	10
PDIA4	1	1	1	1	22	52	46	28	34	6	12
PDIA5	6	6	16	4	22	58	12	32	26	4	12
PDIA6	1	1	1	4	40	48	42	18	28	6	14
PDK1	1	1	1	1	1	1	1	1	152	1	48
PDK3	1	1	1	1	1	1	1	24	124	36	16
PDLIM1	36	132	1	4	16	1	4	1	1	1	8
PDLIM5	118	1	40	1	4	4	4	1	1	1	30
PDPR	1	1	1	1	1	1	1	1	112	88	1
PDS5A	1	200	1	1	1	1	1	1	1	1	1
PDS5B	1	128	72	1	1	1	1	1	1	1	1
PDZD11	1	1	1	1	1	1	1	1	1	1	1
PEBP1	106	54	20	1	6	1	1	6	1	4	1
PECR	1	1	1	1	1	1	1	1	132	36	30
PELP1	1	4	162	16	16	1	1	1	1	1	1
PEPD	38	142	22	1	1	1	1	1	1	1	1
PES1	1	30	170	1	1	1	1	1	1	1	1
PEX1	1	1	1	1	4	14	34	8	54	42	44
PEX11A	1	1	1	1	1	1	1	76	1	24	100
PEX11B	1	1	1	1	1	14	24	28	40	58	34
PEX13	1	1	1	1	1	12	16	52	68	8	42
PEX14	1	1	1	1	18	30	50	24	34	14	26
PEX16	1	1	68	1	1	26	16	18	32	16	22
PEX19	1	1	1	1	1	1	1	1	1	88	112
PEX3	1	1	1	1	4	28	34	34	48	14	38
PEX6	1	1	1	1	1	1	1	1	84	48	68
PFDN2	200	1	1	1	1	1	1	1	1	1	1
PFKL	146	40	14	1	1	1	1	1	1	1	1
PFKM	180	6	12	1	1	1	1	1	1	1	1
PFKP	182	14	1	1	1	1	1	1	1	1	1
PFN1	80	36	38	4	10	12	1	8	1	4	6
PGAM1	56	130	1	1	1	1	1	10	1	1	4
PGAM5	1	1	1	1	8	22	32	26	60	34	18
PGD	150	44	1	1	1	1	1	4	1	1	1
PGK1	54	92	22	4	1	1	4	10	1	1	4
PGRMC1	4	8	20	6	28	36	22	24	24	18	12
PGRMC2	1	10	16	4	24	52	24	14	22	16	14
PHB	1	1	1	1	18	20	28	34	50	28	18
PHB2	1	1	1	1	16	16	24	30	54	40	18
PHF2	1	1	1	1	1	1	1	1	1	1	1
PHF6	1	92	108	1	1	1	1	1	1	1	1
PHF8	1	1	1	1	1	1	1	1	1	1	1
PHGDH	66	58	26	4	10	10	10	4	6	1	4
PHLDA2	108	84	1	4	1	1	1	1	1	1	1
PHYH	1	1	1	1	1	8	8	40	42	48	54
PI4KA	1	1	1	1	1	1	1	1	1	1	1
PICALM	1	1	1	1	68	64	50	18	1	1	1
PIGK	1	1	1	1	40	50	34	1	52	16	10
PIGS	1	1	8	1	26	60	50	18	12	12	16
PIGT	1	1	6	6	30	50	34	16	38	16	6
PITRM1	1	106	1	1	1	1	8	12	44	22	8
PKLR	1	200	1	1	1	1	1	1	1	1	1
PKM	80	64	16	4	8	8	6	6	1	1	6
PKN2	188	6	1	4	1	1	1	1	1	1	1
PKP2	36	66	16	24	18	12	12	1	8	4	1
PKP3	60	76	32	4	10	6	4	1	1	1	4
PLCB3	1	88	90	6	8	1	1	1	1	1	1
PLCD3	62	96	12	6	12	6	1	1	1	1	1
PLCH1	1	1	1	10	14	60	34	28	42	6	6
PLD3	194	1	1	1	1	6	1	1	1	1	1
PLEC	158	1	1	42	1	1	1	1	1	1	1
PLEKHA5	1	1	1	1	1	1	1	1	1	1	1
PLEKHA6	1	1	1	1	1	1	1	1	1	1	1
PLIN3	28	10	1	4	28	20	42	52	1	1	18
PLOD1	1	1	1	1	34	82	28	22	20	4	10
PLOD3	1	1	4	1	16	74	46	22	20	6	12
PLP2	108	32	1	1	36	1	10	10	1	1	4
PLRG1	1	24	150	1	12	4	8	1	1	1	1
PLS1	32	54	80	10	10	6	4	1	1	1	1
PLS3	26	54	104	6	1	4	1	1	1	1	1
PLXNA1	1	158	30	10	1	1	1	1	1	1	1
PLXNB2	48	72	60	8	4	1	4	1	1	1	1
PML	110	1	1	1	1	1	1	1	1	10	80
PMPCA	1	1	1	1	1	12	16	38	94	20	20
PMPCB	1	1	1	1	1	1	30	60	80	16	12
PNKD	1	1	1	1	1	1	1	1	1	114	86
PNN	1	1	88	10	56	22	16	1	1	1	4
PNP	134	52	1	1	1	1	6	4	1	1	4
PNPLA6	1	1	1	1	36	64	48	16	14	8	12
PNPT1	1	1	1	1	1	1	24	16	96	34	28
PODXL	1	26	56	14	62	14	20	6	4	1	1
POLDIP2	1	1	1	1	1	1	22	66	46	30	34
POLDIP3	1	88	112	1	1	1	1	1	1	1	1
POLR1C	1	116	84	1	1	1	1	1	1	1	1
POLR2B	22	36	134	1	1	1	1	1	1	1	1
POLR2E	154	1	46	1	1	1	1	1	1	1	1
POLR2H	1	200	1	1	1	1	1	1	1	1	1
POLR2L	1	1	1	1	1	1	1	1	1	1	1
POLRMT	1	1	1	1	1	1	12	84	62	4	38
POMGNT2	1	1	1	1	1	28	172	1	1	1	1
PON2	1	1	1	1	20	22	50	26	46	10	28
POP1	1	84	116	1	1	1	1	1	1	1	1
POR	1	4	24	10	30	46	28	18	24	6	10
POTEE	1	194	1	1	1	1	1	1	1	1	1
PPA2	8	6	1	1	1	14	18	30	72	28	26
PPAN	1	1	1	1	1	1	1	1	1	1	1
PPFIA1	1	200	1	1	1	1	1	1	1	1	1
PPIA	8	40	26	6	22	40	20	14	1	14	10
PPIB	6	28	1	1	22	58	20	8	14	32	12
PPIC	1	1	128	1	1	1	1	1	38	1	30
PPID	100	100	1	1	1	1	1	1	1	1	1
PPIE	96	62	14	8	6	4	1	4	1	1	1
PPIG	200	1	1	1	1	1	1	1	1	1	1
PPIH	1	1	1	1	200	1	1	1	1	1	1
PPIL1	1	1	1	1	1	1	1	1	1	1	1
PPP1CA	38	70	76	4	10	1	1	1	1	1	1
PPP1CB	18	134	42	1	4	1	1	1	1	1	1
PPP1CC	1	104	86	1	8	1	1	1	1	1	1
PPP1R10	1	1	1	1	1	1	1	1	1	1	1
PPP1R12A	118	1	1	1	1	1	82	1	1	1	1
PPP2CA	68	70	24	6	8	10	1	4	1	1	6
PPP2R1A	52	82	50	8	4	1	1	1	1	1	1
PPP2R4	112	88	1	1	1	1	1	1	1	1	1
PPT1	90	110	1	1	1	1	1	1	1	1	1
PQBP1	1	1	1	1	200	1	1	1	1	1	1
PRAF2	16	84	44	1	26	28	1	1	1	1	1
PRCP	30	170	1	1	1	1	1	1	1	1	1
PRDX1	90	42	14	4	6	6	6	8	10	4	6
PRDX2	102	58	16	4	1	1	1	6	6	1	1
PRDX3	48	112	40	1	1	1	1	1	1	1	1
PRDX4	8	42	32	4	12	24	14	14	28	10	10
PRDX5	36	12	1	1	10	18	16	26	1	48	32
PRDX6	104	34	1	1	18	22	4	6	1	4	6
PREB	1	1	1	1	6	124	16	30	14	1	10
PRKAA1	1	1	130	34	20	16	1	1	1	1	1
PRKACA	126	52	4	4	6	1	1	4	6	1	1
PRKAG1	190	1	1	1	10	1	1	1	1	1	1
PRKAG2	1	1	1	1	1	1	1	1	1	1	1
PRKAR2A	130	6	1	1	1	1	6	16	36	1	1
PRKCI	1	1	200	1	1	1	1	1	1	1	1
PRKCSH	1	1	1	4	36	56	32	28	22	4	14
PRKDC	8	82	42	4	12	10	8	4	10	4	18
PRKRA	1	56	126	1	12	4	1	1	1	1	1
PRMT5	194	6	1	1	1	1	1	1	1	1	1
PROM2	146	48	6	1	1	1	1	1	1	1	1
PRPF19	1	58	92	6	12	14	10	1	1	1	1
PRPF3	48	132	1	1	1	20	1	1	1	1	1
PRPF31	6	142	38	14	1	1	1	1	1	1	1
PRPF38A	1	1	1	1	200	1	1	1	1	1	1
PRPF4	1	192	4	1	4	1	1	1	1	1	1
PRPF4B	1	46	154	1	1	1	1	1	1	1	1
PRPF6	4	48	148	1	1	1	1	1	1	1	1
PRPF8	1	48	40	6	30	34	20	8	6	1	4
PRRC2A	1	200	1	1	1	1	1	1	1	1	1
PRRC2B	1	1	1	1	1	1	1	1	1	1	1
PRRC2C	1	108	82	4	4	1	1	1	1	1	1
PRSS8	60	1	90	1	50	1	1	1	1	1	1
PSAP	150	48	4	1	1	1	1	1	1	1	1
PSAT1	162	38	1	1	1	1	1	1	1	1	1
PSIP1	1	94	84	4	6	1	1	1	1	1	4
PSMA1	152	48	1	1	1	1	1	1	1	1	1
PSMA2	152	1	1	1	46	1	1	1	1	1	1
PSMA3	156	44	1	1	1	1	1	1	1	1	1
PSMA4	160	40	1	1	1	1	1	1	1	1	1
PSMA5	126	74	1	1	1	1	1	1	1	1	1
PSMA6	132	64	4	1	1	1	1	1	1	1	1
PSMA7	146	50	4	1	1	1	1	1	1	1	1
PSMB1	140	60	1	1	1	1	1	1	1	1	1
PSMB2	160	30	10	1	1	1	1	1	1	1	1
PSMB3	142	46	12	1	1	1	1	1	1	1	1
PSMB4	148	50	1	1	1	1	1	1	1	1	1
PSMB5	148	48	4	1	1	1	1	1	1	1	1
PSMB6	144	56	1	1	1	1	1	1	1	1	1
PSMB7	184	16	1	1	1	1	1	1	1	1	1
PSMB8	200	1	1	1	1	1	1	1	1	1	1
PSMB9	148	48	4	1	1	1	1	1	1	1	1
PSMC1	152	44	4	1	1	1	1	1	1	1	1
PSMC2	160	38	1	1	1	1	1	1	1	1	1
PSMC3	160	38	1	1	1	1	1	1	1	1	1
PSMC4	152	48	1	1	1	1	1	1	1	1	1
PSMC5	166	34	1	1	1	1	1	1	1	1	1
PSMC6	118	80	1	1	1	1	1	1	1	1	1
PSMD1	186	14	1	1	1	1	1	1	1	1	1
PSMD10	200	1	1	1	1	1	1	1	1	1	1
PSMD11	178	22	1	1	1	1	1	1	1	1	1
PSMD12	162	38	1	1	1	1	1	1	1	1	1
PSMD13	144	56	1	1	1	1	1	1	1	1	1
PSMD14	186	14	1	1	1	1	1	1	1	1	1
PSMD2	164	28	4	1	1	1	1	1	1	1	1
PSMD3	182	18	1	1	1	1	1	1	1	1	1
PSMD4	200	1	1	1	1	1	1	1	1	1	1
PSMD5	180	18	1	1	1	1	1	1	1	1	1
PSMD6	142	58	1	1	1	1	1	1	1	1	1
PSMD7	154	44	1	1	1	1	1	1	1	1	1
PSMD8	168	30	1	1	1	1	1	1	1	1	1
PSME1	196	4	1	1	1	1	1	1	1	1	1
PSME3	200	1	1	1	1	1	1	1	1	1	1
PSMG1	200	1	1	1	1	1	1	1	1	1	1
PTBP1	4	94	74	6	6	8	1	1	1	1	1
PTBP2	8	68	84	4	10	10	6	4	1	1	4
PTCD3	1	1	1	1	1	10	8	6	148	26	1
PTGES2	1	1	1	1	10	16	30	42	50	30	22
PTGFRN	32	82	74	4	1	1	1	1	1	1	1
PTMA	102	42	26	6	1	1	1	12	1	1	14
PTMS	200	1	1	1	1	1	1	1	1	1	1
PTP4A1	38	162	1	1	1	1	1	1	1	1	1
PTPLAD1	1	1	1	4	26	36	38	12	46	20	20
PTPLB	1	1	1	8	8	32	34	22	8	44	44
PTPMT1	1	1	1	1	1	1	1	58	1	142	1
PTPN1	1	1	1	6	1	106	48	8	26	1	4
PTPRA	30	120	14	36	1	1	1	1	1	1	1
PTPRE	38	118	42	1	1	1	1	1	1	1	1
PTPRG	1	188	1	8	1	1	6	1	1	1	1
PUF60	1	78	122	1	1	1	1	1	1	1	1
PURA	1	86	90	6	12	1	1	1	1	1	1
PURB	1	102	82	8	6	1	1	1	1	1	1
PUS1	1	1	1	1	1	1	1	78	1	94	28
PVR	1	1	1	1	1	1	1	1	1	1	1
PVRL2	144	1	1	1	28	28	1	1	1	1	1
PWP1	1	102	98	1	1	1	1	1	1	1	1
PWP2	1	1	200	1	1	1	1	1	1	1	1
PXMP2	1	1	1	1	1	1	20	28	1	76	76
PXMP4	1	1	1	1	1	8	6	46	1	86	54
PYCR1	1	1	1	1	24	4	12	30	70	42	16
PYCR2	1	1	1	1	1	6	10	60	28	44	54
PYGB	190	4	1	1	1	1	1	1	1	1	1
QARS	126	54	10	1	1	1	1	1	1	1	1
QDPR	136	1	1	1	1	1	1	1	1	1	64
QPCTL	1	16	1	1	28	50	48	14	22	4	18
QSOX2	1	200	1	1	1	1	1	1	1	1	1
RAB10	36	44	30	8	18	14	12	12	12	8	6
RAB11B	72	32	46	4	10	14	8	6	8	1	1
RAB11FIP1	22	44	74	24	20	8	4	4	1	1	1
RAB13	154	1	22	12	12	1	1	1	1	1	1
RAB14	52	46	36	10	10	12	8	12	10	4	4
RAB15	44	66	48	6	8	1	10	4	10	1	1
RAB18	26	60	62	8	12	10	6	8	1	4	4
RAB1A	44	46	32	8	14	10	12	8	8	10	8
RAB1B	44	52	26	8	10	14	12	10	10	8	6
RAB20	106	1	1	1	94	1	1	1	1	1	1
RAB21	26	42	28	6	16	24	12	14	14	8	12
RAB22A	22	1	178	1	1	1	1	1	1	1	1
RAB23	66	134	1	1	1	1	1	1	1	1	1
RAB25	40	48	44	8	18	16	6	8	8	1	1
RAB27A	1	98	1	1	22	36	1	28	1	1	14
RAB27B	38	44	20	10	12	14	12	4	26	1	14
RAB2A	22	110	34	4	6	8	6	6	1	1	1
RAB32	24	116	1	6	20	10	14	1	1	4	6
RAB33B	32	142	26	1	1	1	1	1	1	1	1
RAB35	60	54	18	6	10	14	12	6	12	6	1
RAB3A	46	32	28	8	16	18	14	8	10	4	14
RAB3D	118	1	1	1	1	54	1	1	1	1	28
RAB4A	32	28	138	4	1	1	1	1	1	1	1
RAB5A	28	68	30	6	12	18	10	8	12	6	4
RAB5B	62	40	42	8	6	14	8	1	6	4	8
RAB5C	62	34	32	8	12	12	10	8	12	6	4
RAB6A	62	66	32	4	10	6	4	4	6	1	1
RAB6C	1	1	1	1	1	1	1	1	1	1	1
RAB7A	30	46	34	8	12	20	14	10	14	10	6
RAB8A	46	32	26	8	18	28	18	8	12	1	6
RAB8B	14	66	1	1	20	70	1	1	30	1	1
RAB9A	1	1	1	1	1	110	1	1	90	1	1
RABL3	1	1	1	10	58	52	38	34	8	1	1
RAC1	56	76	42	8	8	6	1	1	1	1	1
RAD23B	168	32	1	1	1	1	1	1	1	1	1
RALA	74	56	28	6	12	8	4	4	4	1	1
RALB	86	54	32	8	8	6	4	1	1	1	1
RALY	40	32	104	6	12	6	1	1	1	1	1
RALYL	1	4	38	4	32	76	24	10	6	1	4
RAN	68	74	40	1	1	1	1	6	6	1	4
RANBP1	104	84	1	1	1	1	1	1	1	1	12
RANBP2	6	1	82	1	1	1	4	1	30	32	46
RANBP9	82	72	46	1	1	1	1	1	1	1	1
RAP1A	50	82	60	1	8	1	1	1	1	1	1
RAP1B	46	66	38	10	14	10	6	6	1	4	1
RAP2B	122	6	48	22	1	1	1	1	1	1	1
RARS	108	32	52	1	1	1	1	1	1	1	4
RBBP4	18	128	50	1	1	1	1	1	1	1	1
RBM14	1	130	70	1	1	1	1	1	1	1	1
RBM15	1	54	146	1	1	1	1	1	1	1	1
RBM17	1	1	1	26	1	144	28	1	1	1	1
RBM22	1	1	1	4	58	90	44	1	4	1	1
RBM26	1	200	1	1	1	1	1	1	1	1	1
RBM27	1	60	126	1	1	1	1	1	14	1	1
RBM3	16	140	44	1	1	1	1	1	1	1	1
RBM39	1	50	142	4	1	1	1	1	1	1	1
RBM4	1	98	86	1	4	1	6	1	1	1	1
RBM42	1	38	162	1	1	1	1	1	1	1	1
RBM47	1	70	124	4	1	1	1	1	1	1	1
RBM8A	4	18	46	6	70	26	6	8	1	10	6
RBMX	1	68	90	10	16	8	4	1	1	1	1
RBMX2	1	200	1	1	1	1	1	1	1	1	1
RBX1	104	96	1	1	1	1	1	1	1	1	1
RCL1	1	114	86	1	1	1	1	1	1	1	1
RCN1	1	8	10	6	28	40	34	30	20	6	16
RCN2	1	1	1	10	14	84	28	14	44	1	1
RDH11	1	20	20	4	30	26	26	20	22	10	18
RDH13	1	1	1	1	1	1	28	36	102	22	10
RDH14	1	1	1	8	26	86	34	12	16	10	8
REEP4	1	36	138	1	6	1	1	8	1	1	10
REEP5	10	24	68	12	30	24	10	6	1	6	8
REEP6	82	1	100	1	18	1	1	1	1	1	1
REPS1	1	1	1	1	136	1	30	34	1	1	1
RER1	1	76	1	1	38	82	1	1	1	1	1
RETSAT	1	1	12	10	28	44	38	10	36	10	12
RFC1	1	66	134	1	1	1	1	1	1	1	1
RFC2	1	142	58	1	1	1	1	1	1	1	1
RFC3	1	166	30	4	1	1	1	1	1	1	1
RFC4	1	64	136	1	1	1	1	1	1	1	1
RFC5	1	106	94	1	1	1	1	1	1	1	1
RHOA	66	66	28	6	10	6	4	8	1	4	1
RHOC	26	52	30	18	20	24	8	18	1	1	6
RHOF	56	68	54	6	10	1	1	4	1	1	1
RHOG	190	1	1	1	1	10	1	1	1	1	1
RHOT1	1	1	1	1	1	12	32	24	114	1	14
RHOT2	42	44	24	4	1	10	14	14	36	6	6
RINT1	1	1	1	1	70	120	10	1	1	1	1
RNASET2	200	1	1	1	1	1	1	1	1	1	1
RNF213	26	156	20	1	1	1	1	1	1	1	1
RNH1	154	1	1	10	1	1	1	30	1	1	6
RNMTL1	1	20	1	1	1	1	14	26	138	1	1
ROCK1	1	180	1	1	1	1	1	1	14	1	1
ROCK2	48	1	1	1	1	1	1	1	22	18	110
RP2	40	96	38	6	6	6	4	1	1	1	1
RPA1	4	1	4	1	50	84	28	1	1	1	26
RPF2	1	20	180	1	1	1	1	1	1	1	1
RPL10	22	56	94	6	6	1	4	1	1	1	1
RPL10A	4	72	84	6	6	6	4	6	6	4	4
RPL11	1	76	100	8	6	4	1	1	1	1	1
RPL12	1	70	92	12	8	6	1	4	1	4	4
RPL13	14	66	82	8	6	6	4	4	4	1	4
RPL13A	20	56	94	8	1	4	4	4	4	1	1
RPL14	10	64	90	12	6	6	1	4	1	1	4
RPL17	1	84	80	6	10	6	1	4	1	1	1
RPL18	12	68	90	8	6	6	1	1	1	1	1
RPL18A	1	78	84	12	6	6	1	4	1	4	4
RPL19	42	52	46	12	10	10	4	6	6	6	6
RPL21	1	92	90	6	4	1	1	1	1	1	1
RPL22	4	78	98	12	4	4	1	1	1	1	1
RPL22L1	1	60	104	12	8	8	1	1	1	1	1
RPL23	8	54	106	12	8	4	1	1	1	1	1
RPL23A	1	78	98	6	4	6	1	1	1	1	1
RPL24	1	78	88	8	6	6	1	4	1	1	1
RPL26	1	90	110	1	1	1	1	1	1	1	1
RPL26L1	1	78	88	8	6	6	4	1	1	4	1
RPL27	1	56	110	12	6	6	1	1	1	4	4
RPL27A	1	72	84	10	8	10	4	4	1	4	4
RPL28	1	76	88	8	6	6	1	4	1	4	4
RPL29	4	78	76	12	6	6	4	4	1	4	4
RPL3	1	82	90	6	6	6	4	1	1	1	1
RPL30	1	62	114	12	4	4	1	1	1	1	1
RPL31	4	68	96	10	6	6	1	4	1	1	1
RPL32	1	70	110	6	4	4	1	1	1	1	1
RPL34	1	54	94	16	8	10	4	4	1	6	4
RPL35	4	56	92	16	6	8	4	4	1	4	4
RPL35A	1	62	104	16	8	6	1	1	1	1	1
RPL36	1	58	102	14	8	8	1	1	1	1	1
RPL36AL	1	60	108	10	6	6	1	1	1	1	1
RPL37	1	92	94	10	1	6	1	1	1	1	1
RPL37A	1	48	144	4	4	1	1	1	1	1	1
RPL38	6	68	112	12	1	1	1	1	1	1	1
RPL39	1	76	106	8	6	6	1	1	1	1	1
RPL4	1	86	74	10	6	6	4	6	4	1	1
RPL5	1	102	84	1	1	1	1	1	1	1	1
RPL6	1	72	98	6	4	6	1	1	1	1	1
RPL7	1	78	88	8	6	4	4	4	4	1	4
RPL7A	1	90	72	8	6	6	4	4	4	1	4
RPL7L1	1	158	42	1	1	1	1	1	1	1	1
RPL8	1	72	86	8	8	6	4	4	4	4	4
RPL9	16	48	126	1	4	1	1	1	1	1	1
RPLP0	1	98	60	10	6	8	4	4	4	1	4
RPLP1	1	60	136	4	1	1	1	1	1	1	1
RPLP2	1	90	74	16	6	4	1	1	1	1	4
RPN1	1	1	14	8	26	40	22	14	40	10	24
RPN2	1	1	4	4	24	42	38	16	36	16	20
RPS10	16	86	82	8	4	1	1	1	1	1	1
RPS11	14	58	96	12	4	8	1	1	1	1	1
RPS12	30	110	56	4	1	1	1	1	1	1	1
RPS13	18	70	82	10	1	6	4	1	1	1	4
RPS14	18	82	70	12	6	4	1	1	1	1	4
RPS15	18	82	80	6	6	4	1	1	1	1	1
RPS15A	14	62	86	14	8	6	4	1	1	1	1
RPS16	22	78	66	12	8	8	1	1	1	1	1
RPS17	14	86	80	8	6	1	1	1	1	1	1
RPS18	22	80	68	12	6	6	1	1	1	1	1
RPS19	18	76	78	10	4	4	1	1	1	1	1
RPS2	18	72	88	4	4	4	1	1	1	1	1
RPS20	20	78	84	8	1	1	1	1	1	1	1
RPS21	20	150	28	1	1	1	1	1	1	1	1
RPS23	16	64	96	8	6	4	1	1	1	1	1
RPS24	10	56	118	8	4	1	1	1	1	1	1
RPS25	26	64	76	10	6	6	1	1	1	1	4
RPS26	12	60	90	14	8	6	1	1	1	4	4
RPS27	14	90	88	6	1	1	1	1	1	1	1
RPS27A	50	50	28	6	12	12	8	8	4	8	14
RPS27L	4	134	62	1	1	1	1	1	1	1	1
RPS28	24	128	42	4	1	1	1	1	1	1	1
RPS29	10	56	118	10	1	1	1	1	1	1	1
RPS3	24	70	90	4	1	1	1	1	1	1	1
RPS3A	16	68	88	8	6	4	1	1	1	1	1
RPS4X	22	74	64	10	8	8	4	4	1	1	4
RPS5	20	80	78	8	4	1	1	1	1	1	1
RPS6	16	68	94	6	6	4	1	1	1	1	1
RPS7	12	70	84	10	6	6	4	4	1	1	1
RPS8	24	68	88	6	1	1	1	1	1	1	1
RPS9	18	82	72	8	6	6	1	1	1	1	1
RPSA	26	144	20	1	1	1	1	1	1	1	1
RQCD1	124	48	22	1	1	1	1	1	1	1	1
RRAGA	1	1	1	1	1	1	1	1	1	1	1
RRAGB	126	74	1	1	1	1	1	1	1	1	1
RRAGD	172	28	1	1	1	1	1	1	1	1	1
RRAS	86	76	32	4	1	1	1	1	1	1	1
RRAS2	60	106	22	4	6	1	4	1	1	1	1
RRBP1	1	1	4	1	18	40	36	22	40	16	20
RREB1	1	1	1	1	50	46	30	12	30	1	32
RRP1	1	126	74	1	1	1	1	1	1	1	1
RRP15	1	106	94	1	1	1	1	1	1	1	1
RRP1B	1	68	132	1	1	1	1	1	1	1	1
RRS1	1	110	88	1	1	1	1	1	1	1	1
RSBN1	1	1	200	1	1	1	1	1	1	1	1
RSL1D1	1	68	126	4	1	1	1	1	1	1	1
RSU1	90	104	1	1	6	1	1	1	1	1	1
RTN3	30	34	50	8	20	18	12	8	10	6	4
RTN4	12	50	58	8	20	22	8	10	6	1	4
RTTN	1	200	1	1	1	1	1	1	1	1	1
RUVBL1	96	48	56	1	1	1	1	1	1	1	1
RUVBL2	72	68	56	1	1	1	1	1	1	1	1
S100A10	30	132	30	8	1	1	1	1	1	1	1
S100A11	106	58	30	1	6	1	1	1	1	1	1
S100A13	38	72	90	1	1	1	1	1	1	1	1
S100A14	46	70	38	14	12	8	4	4	1	4	4
S100A16	36	78	36	12	14	8	4	4	1	4	6
S100A6	60	52	18	10	8	12	6	12	1	10	14
S100A7	1	1	1	1	200	1	1	1	1	1	1
S100A8	1	1	30	1	170	1	1	1	1	1	1
S100A9	1	1	40	1	160	1	1	1	1	1	1
S100P	54	56	30	8	8	8	6	12	1	8	10
SACM1L	4	14	14	4	44	36	34	20	20	4	8
SAFB	1	200	1	1	1	1	1	1	1	1	1
SAFB2	16	134	46	1	4	1	1	1	1	1	1
SAMD4B	1	1	1	1	1	1	1	1	1	1	1
SAMM50	1	1	1	1	1	1	32	44	112	10	1
SAP130	1	1	1	1	1	1	1	1	1	1	1
SAP18	1	148	20	1	10	14	8	1	1	1	1
SAR1A	130	20	6	1	4	12	4	8	8	1	4
SARNP	1	1	1	1	1	1	1	1	1	1	1
SARS	1	1	1	1	1	8	20	62	54	38	18
SARS2	200	1	1	1	1	1	1	1	1	1	1
SART1	1	52	146	1	1	1	1	1	1	1	1
SART3	24	54	122	1	1	1	1	1	1	1	1
SCAF8	10	148	18	24	1	1	1	1	1	1	1
SCAMP1	10	92	86	4	8	1	1	1	1	1	1
SCAMP2	28	74	60	12	10	8	4	1	1	1	1
SCAMP3	22	70	106	1	1	1	1	1	1	1	1
SCARB1	94	86	10	4	1	1	4	1	1	1	1
SCARB2	142	48	8	1	1	1	1	1	1	1	1
SCCPDH	1	1	1	1	1	42	88	62	8	1	1
SCD	1	14	18	6	26	48	20	22	18	10	18
SCFD1	8	42	48	6	28	34	16	1	8	1	6
SCFD2	1	1	16	1	56	128	1	1	1	1	1
SCIN	1	1	168	8	24	1	1	1	1	1	1
SCO1	1	1	1	1	12	8	24	36	62	36	24
SCO2	1	1	1	1	1	16	1	76	62	1	46
SCP2	1	1	1	1	1	10	12	32	10	74	60
SCPEP1	200	1	1	1	1	1	1	1	1	1	1
SCRIB	16	122	22	6	12	1	4	8	1	4	1
SDAD1	1	72	126	1	1	1	1	1	1	1	1
SDC1	12	188	1	1	1	1	1	1	1	1	1
SDCBP	98	72	24	4	1	1	1	1	1	1	1
SDCBP2	18	110	54	4	6	1	1	1	1	1	4
SDE2	1	1	1	1	1	1	1	1	1	1	1
SDF2	1	1	1	1	1	106	12	68	14	1	1
SDF2L1	1	1	1	1	38	60	24	36	12	30	1
SDF4	8	170	22	1	1	1	1	1	1	1	1
SDHA	1	1	1	1	14	22	22	40	52	32	18
SDHB	1	1	1	1	12	6	10	42	70	40	20
SEC11A	1	1	18	10	30	42	28	24	1	28	18
SEC11C	1	1	1	1	1	1	52	60	1	88	1
SEC16A	1	1	1	1	1	1	1	1	1	1	1
SEC22B	28	48	34	6	16	20	10	12	14	6	6
SEC23A	158	26	1	16	1	1	1	1	1	1	1
SEC61A1	1	1	4	6	18	26	36	24	30	26	30
SEC61B	1	1	8	6	24	46	24	24	1	34	32
SEC61G	1	1	6	1	24	70	24	28	1	8	36
SEC62	1	1	1	8	30	78	32	30	8	1	14
SEC63	1	1	1	1	4	24	58	18	68	16	10
SECISBP2L	1	1	200	1	1	1	1	1	1	1	1
SEL1L	1	1	1	6	36	52	26	24	30	6	18
SEL1L3	1	1	1	1	1	18	54	24	18	72	14
SELH	1	98	102	1	1	1	1	1	1	1	1
SELK	1	1	1	1	1	200	1	1	1	1	1
SERBP1	22	110	62	1	1	1	1	1	1	1	1
SERPINB1	68	120	1	1	1	1	1	4	4	1	1
SERPINB5	94	64	1	4	1	10	8	12	1	1	6
SERPINB9	1	1	1	20	1	160	1	1	1	1	20
SERPINH1	1	4	12	6	24	58	32	20	24	12	6
SET	24	176	1	1	1	1	1	1	1	1	1
SF3A1	58	1	8	4	46	36	28	6	4	1	6
SF3A2	32	1	1	12	64	44	38	8	1	1	1
SF3A3	56	4	4	4	60	46	24	1	1	1	1
SF3B1	1	12	56	4	44	38	28	4	4	1	4
SF3B2	4	12	52	1	44	54	20	4	1	1	4
SF3B3	14	40	40	1	32	40	22	1	1	1	4
SF3B4	18	20	48	4	38	48	14	8	1	1	1
SF3B5	20	20	132	1	22	1	1	6	1	1	1
SFN	84	60	8	4	28	4	1	6	1	1	1
SFPQ	24	146	30	1	1	1	1	1	1	1	1
SFSWAP	1	60	140	1	1	1	1	1	1	1	1
SFT2D2	1	172	1	28	1	1	1	1	1	1	1
SFT2D3	30	170	1	1	1	1	1	1	1	1	1
SFXN1	1	1	1	1	10	12	28	34	60	34	18
SFXN3	1	1	1	1	1	1	1	68	52	66	14
SGPL1	1	1	6	6	16	46	52	18	34	8	18
SGSH	200	1	1	1	1	1	1	1	1	1	1
SH3BGRL	200	1	1	1	1	1	1	1	1	1	1
SH3BGRL3	1	1	1	4	26	46	52	20	20	16	18
SHMT2	1	1	1	1	4	10	32	48	62	18	24
SHROOM3	24	4	1	12	20	22	26	22	26	18	28
SIAE	186	14	1	1	1	1	1	1	1	1	1
SIGMAR1	1	1	6	6	22	38	24	24	30	28	22
SIL1	1	1	1	1	1	200	1	1	1	1	1
SIN3A	1	72	126	1	1	1	1	1	1	1	1
SKIV2L2	1	96	104	1	1	1	1	1	1	1	1
SKP1	16	110	68	4	1	1	1	1	1	1	4
SLAIN2	1	50	150	1	1	1	1	1	1	1	1
SLC12A2	14	58	50	6	20	16	16	6	6	4	1
SLC12A7	1	1	200	1	1	1	1	1	1	1	1
SLC12A9	1	1	1	1	1	1	1	1	1	1	1
SLC16A1	24	96	54	6	18	1	1	1	1	1	1
SLC16A3	40	80	40	8	12	8	4	1	1	1	1
SLC19A1	32	1	84	1	20	1	32	1	30	1	1
SLC1A5	40	80	56	8	8	1	1	1	1	1	1
SLC22A18	1	1	1	1	34	78	40	1	24	12	12
SLC25A1	1	1	1	1	12	16	28	28	56	46	16
SLC25A10	1	1	1	1	1	8	14	48	62	44	24
SLC25A11	1	1	1	1	12	18	26	32	58	40	12
SLC25A12	1	1	1	1	1	1	94	1	88	16	1
SLC25A13	1	1	1	1	1	10	34	12	82	30	28
SLC25A17	1	1	1	1	1	1	12	24	28	74	62
SLC25A21	1	1	1	1	1	1	1	34	88	78	1
SLC25A22	1	1	6	1	1	8	26	46	60	46	8
SLC25A24	1	1	1	1	1	14	40	48	48	36	14
SLC25A3	1	1	1	1	8	14	30	32	48	44	22
SLC25A4	1	1	1	1	4	1	14	56	62	50	16
SLC25A5	1	1	1	1	10	20	22	26	60	42	16
SLC25A6	6	1	1	1	14	14	22	28	46	44	22
SLC27A2	1	1	1	6	46	42	50	4	18	6	28
SLC27A4	1	1	28	4	12	36	36	12	24	28	22
SLC27A6	1	1	1	1	26	52	40	24	26	12	18
SLC2A1	72	1	1	14	1	84	32	1	1	1	1
SLC30A1	44	122	30	1	1	1	1	1	1	1	1
SLC30A7	1	128	54	1	8	1	1	4	1	1	1
SLC35B2	76	110	12	1	1	1	1	1	1	1	1
SLC35F6	200	1	1	1	1	1	1	1	1	1	1
SLC38A1	80	1	120	1	1	1	1	1	1	1	1
SLC39A1	200	1	1	1	1	1	1	1	1	1	1
SLC39A7	1	1	1	12	20	62	30	38	34	1	4
SLC3A2	42	72	38	8	14	10	8	4	4	1	1
SLC44A1	200	1	1	1	1	1	1	1	1	1	1
SLC44A4	1	1	1	1	1	1	1	1	1	1	1
SLC4A2	1	170	1	26	1	1	1	1	4	1	1
SLC7A1	42	1	142	16	1	1	1	1	1	1	1
SLC7A5	36	74	48	6	12	8	8	1	1	1	1
SLC9A3R1	38	78	46	10	8	8	4	1	4	1	1
SLIRP	1	1	1	1	1	1	14	48	1	106	32
SLK	1	1	1	1	110	1	1	1	1	90	1
SLMAP	1	1	1	1	40	48	32	20	48	1	12
SLTM	1	56	140	4	1	1	1	1	1	1	1
SMARCA1	1	1	200	1	1	1	1	1	1	1	1
SMARCA2	1	1	200	1	1	1	1	1	1	1	1
SMARCA4	1	16	184	1	1	1	1	1	1	1	1
SMARCA5	1	22	86	1	1	1	16	6	8	12	48
SMARCB1	1	76	124	1	1	1	1	1	1	1	1
SMARCC1	1	12	138	1	50	1	1	1	1	1	1
SMARCC2	1	62	134	1	1	1	1	1	1	1	1
SMARCD2	1	80	116	4	1	1	1	1	1	1	1
SMARCE1	14	74	110	1	1	1	1	1	1	1	1
SMC1A	1	100	1	1	1	1	1	1	1	1	100
SMC2	1	182	16	1	1	1	1	1	1	1	1
SMC3	1	110	1	1	1	1	14	6	1	8	64
SMC4	38	98	62	1	1	1	1	1	1	1	1
SMIM12	1	1	1	1	1	1	1	200	1	1	1
SMIM7	88	90	22	1	1	1	1	1	1	1	1
SMPD2	1	1	1	1	1	1	66	1	106	30	1
SMPD4	1	1	22	1	20	44	14	14	12	1	74
SMPDL3B	200	1	1	1	1	1	1	1	1	1	1
SMU1	1	1	1	1	146	34	18	1	1	1	1
SNAP23	130	46	10	6	6	1	1	1	1	1	1
SND1	22	44	1	1	6	14	30	14	28	16	24
SNRNP200	1	36	60	4	28	38	24	6	4	1	1
SNRNP40	1	54	84	1	28	24	10	1	1	1	1
SNRNP70	112	56	32	1	1	1	1	1	1	1	1
SNRPA	52	116	28	1	1	1	1	1	1	1	1
SNRPA1	60	18	12	4	38	38	20	4	4	1	4
SNRPB	50	64	32	1	10	20	10	1	4	1	6
SNRPB2	54	28	14	4	34	26	18	10	1	1	8
SNRPC	74	106	20	1	1	1	1	1	1	1	1
SNRPD1	128	32	26	1	12	1	1	1	1	1	1
SNRPD2	62	32	26	8	28	22	12	4	1	4	1
SNRPD3	52	42	34	8	18	24	10	6	1	1	4
SNRPE	74	28	36	1	24	20	6	1	1	1	6
SNRPF	68	132	1	1	1	1	1	1	1	1	1
SNRPG	64	44	22	8	24	24	12	1	1	1	1
SNTB1	64	124	12	1	1	1	1	1	1	1	1
SNTB2	1	1	1	1	1	1	1	1	1	1	1
SNW1	1	1	10	1	64	76	34	10	1	1	1
SNX31	1	1	1	1	1	146	54	1	1	1	1
SOD1	92	96	6	1	1	1	1	1	1	1	1
SOD2	1	1	1	1	1	1	8	44	66	52	26
SON	1	10	36	8	36	18	38	6	6	18	22
SORL1	1	1	200	1	1	1	1	1	1	1	1
SORT1	1	114	66	1	1	8	1	1	4	1	1
SPATA5L1	1	200	1	1	1	1	1	1	1	1	1
SPATS2	1	72	128	1	1	1	1	1	1	1	1
SPATS2L	1	64	130	4	1	1	1	1	1	1	1
SPCS2	1	1	10	8	24	36	16	36	1	48	20
SPCS3	1	1	14	8	22	36	24	26	1	46	22
SPINT2	1	12	10	6	32	46	28	18	18	8	22
SPR	4	8	186	1	1	1	1	1	1	1	1
SPRYD4	1	1	1	1	1	1	1	70	1	122	8
SPRYD7	44	92	64	1	1	1	1	1	1	1	1
SPTAN1	1	48	24	12	42	30	16	8	10	4	6
SPTBN1	1	64	38	10	28	22	14	8	8	1	4
SPTLC1	1	4	14	6	42	58	22	28	14	1	12
SPTLC2	1	1	14	6	48	50	26	18	18	8	12
SPTY2D1	1	100	98	1	1	1	1	1	1	1	1
SQLE	1	1	1	12	40	68	30	18	24	1	8
SQRDL	1	1	1	1	6	18	32	58	58	16	10
SQSTM1	60	110	30	1	1	1	1	1	1	1	1
SRC	58	86	44	1	8	1	1	1	1	1	1
SREK1	1	152	48	1	1	1	1	1	1	1	1
SRI	132	48	1	6	16	1	1	1	1	1	1
SRP14	1	94	92	4	1	1	1	1	1	1	1
SRP68	200	1	1	1	1	1	1	1	1	1	1
SRP9	1	80	110	1	1	1	1	1	1	1	1
SRPK1	1	58	136	1	1	4	1	1	1	1	1
SRPK2	1	76	124	1	1	1	1	1	1	1	1
SRPR	1	6	8	6	18	38	36	28	32	8	16
SRPRB	1	4	10	4	24	40	30	20	30	18	20
SRRM1	14	100	82	1	1	1	1	1	1	1	1
SRRM2	58	80	58	1	1	1	1	1	1	1	1
SRRT	200	1	1	1	1	1	1	1	1	1	1
SRSF1	14	112	74	1	1	1	1	1	1	1	1
SRSF10	1	96	104	1	1	1	1	1	1	1	1
SRSF11	1	110	90	1	1	1	1	1	1	1	1
SRSF2	42	112	36	1	1	1	1	4	1	1	1
SRSF3	18	106	70	1	1	1	1	1	1	1	1
SRSF4	54	102	44	1	1	1	1	1	1	1	1
SRSF5	1	108	90	1	1	1	1	1	1	1	1
SRSF6	30	98	70	1	1	1	1	1	1	1	1
SRSF7	6	92	100	1	1	1	1	1	1	1	1
SRSF9	28	102	70	1	1	1	1	1	1	1	1
SSB	20	118	58	4	1	1	1	1	1	1	1
SSBP1	1	1	1	1	1	1	10	50	1	104	36
SSFA2	1	1	1	1	90	1	66	1	1	44	1
SSR1	1	1	12	6	26	24	12	24	48	20	24
SSR3	1	1	1	1	18	34	34	24	1	80	6
SSR4	1	1	1	1	16	102	28	18	1	26	8
SSRP1	1	1	1	1	8	18	30	1	22	20	104
SSSCA1	6	166	28	1	1	1	1	1	1	1	1
ST13	112	76	1	1	1	8	1	1	1	1	1
ST14	104	18	1	14	40	22	1	1	1	1	1
STAU1	1	64	124	4	4	1	1	1	1	1	1
STAU2	1	1	150	1	24	26	1	1	1	1	1
STBD1	1	1	1	8	50	60	44	12	16	6	6
STIM1	1	1	1	1	38	48	54	14	30	6	14
STIM2	1	1	1	1	1	128	1	1	72	1	1
STIP1	142	30	10	1	1	1	1	1	1	1	10
STMN1	154	38	1	1	1	1	1	1	8	1	1
STOML2	1	1	1	1	16	14	30	38	52	32	18
STRAP	1	200	1	1	1	1	1	1	1	1	1
STRBP	1	24	26	1	34	36	12	8	1	20	38
STRN4	26	1	1	1	14	94	14	16	32	1	6
STT3A	1	1	4	4	20	40	38	22	38	10	24
STT3B	1	1	1	18	28	54	36	12	26	10	16
STUB1	150	44	1	1	1	1	1	1	1	1	1
STX10	1	98	102	1	1	1	1	1	1	1	1
STX12	16	96	68	4	8	1	1	1	1	1	1
STX16	10	70	120	1	1	1	1	1	1	1	1
STX18	1	1	1	4	60	58	26	14	24	12	4
STX3	72	64	28	6	14	16	1	1	1	1	1
STX4	74	48	46	4	12	12	4	1	1	1	1
STX5	40	94	18	1	12	14	4	6	10	1	1
STX7	32	86	68	6	6	1	1	1	1	1	1
STXBP2	54	74	62	1	4	1	1	1	1	1	1
STXBP3	52	42	78	6	10	4	4	1	1	1	1
SUB1	1	200	1	1	1	1	1	1	1	1	1
SUCLA2	1	1	1	1	1	1	18	50	66	52	12
SUCLG1	4	4	4	1	1	14	14	38	62	24	32
SUCLG2	1	1	1	1	1	8	22	40	68	46	14
SUGP2	1	1	1	1	1	1	1	1	1	1	1
SUGT1	126	1	46	1	1	1	1	28	1	1	1
SUMO3	200	1	1	1	1	1	1	1	1	1	1
SUPT16H	1	1	1	1	1	8	34	16	28	10	100
SURF4	1	1	14	4	28	38	34	16	34	20	12
SVIP	132	68	1	1	1	1	1	1	1	1	1
SYCP1	1	112	1	1	54	1	1	24	8	1	1
SYMPK	4	78	94	10	6	4	1	1	1	1	1
SYNCRIP	6	34	86	10	28	20	8	1	1	1	1
SYNE2	176	1	1	1	14	1	1	1	1	4	1
SYNGR2	60	70	58	8	1	1	1	1	1	1	1
SYNJ2BP	1	1	1	1	1	1	1	200	1	1	1
SYPL1	22	106	72	1	1	1	1	1	1	1	1
SYVN1	1	1	10	10	22	30	48	32	18	20	12
TAF15	200	1	1	1	1	1	1	1	1	1	1
TAGLN2	56	58	28	4	8	6	6	10	6	8	8
TALDO1	126	54	1	1	4	1	1	8	4	1	6
TAOK3	50	88	54	1	1	1	1	1	1	1	1
TAP2	1	1	1	12	8	6	70	32	12	46	14
TAPBP	1	1	1	1	10	66	44	24	38	16	1
TARS	200	1	1	1	1	1	1	1	1	1	1
TARS2	1	1	1	1	1	1	1	1	148	48	6
TAX1BP3	182	1	18	1	1	1	1	1	1	1	1
TBC1D10A	1	1	184	16	1	1	1	1	1	1	1
TBC1D10B	62	86	44	1	1	1	1	1	1	1	1
TBC1D24	18	1	182	1	1	1	1	1	1	1	1
TBCD	200	1	1	1	1	1	1	1	1	1	1
TBL2	1	1	1	1	12	42	38	30	36	22	20
TBL3	1	68	132	1	1	1	1	1	1	1	1
TBRG4	1	1	1	1	1	1	1	18	154	1	26
TCEB1	102	1	98	1	1	1	1	1	1	1	1
TCEB2	88	36	78	1	1	1	1	1	1	1	1
TCEB3	66	1	134	1	1	1	1	1	1	1	1
TCIRG1	136	64	1	1	1	1	1	1	1	1	1
TCP1	124	66	10	1	1	1	1	1	1	1	1
TECR	1	1	1	4	14	30	22	20	32	44	34
TEP1	1	1	140	44	14	1	1	1	1	1	1
TEX10	1	1	154	46	1	1	1	1	1	1	1
TEX264	1	1	14	8	40	44	32	16	22	12	12
TFAM	1	1	1	1	1	1	1	22	86	52	40
TFB1M	1	1	1	1	1	1	1	1	1	200	1
TFB2M	1	1	1	1	1	1	1	44	128	1	28
TFIP11	1	1	1	1	60	124	16	1	1	1	1
TFRC	28	74	54	8	12	10	6	1	4	1	1
THOC1	1	8	190	1	1	1	1	1	1	1	1
THOC2	1	22	176	1	1	1	1	1	1	1	1
THOC3	1	154	1	34	1	1	1	1	1	1	10
THOC5	1	1	182	18	1	1	1	1	1	1	1
THOC6	1	14	182	1	1	1	1	1	1	1	1
THOC7	1	1	1	1	1	1	1	1	1	1	1
THRAP3	1	56	108	4	12	12	6	1	1	1	1
THYN1	1	124	74	1	1	1	1	1	1	1	1
TICAM2	1	1	1	1	1	1	1	1	1	1	1
TIMM13	1	1	1	1	16	1	40	54	1	48	44
TIMM44	1	1	1	1	1	1	24	54	48	54	18
TIMM50	1	1	1	1	10	10	26	36	66	22	32
TIMM8B	1	1	1	1	1	1	26	44	1	130	1
TIMM9	1	1	1	1	1	1	1	94	1	106	1
TJP1	1	70	24	1	1	34	26	26	1	20	1
TJP2	12	90	32	14	28	10	8	1	1	1	1
TJP3	96	42	58	4	1	1	1	1	1	1	1
TKT	114	78	1	1	1	1	1	1	1	1	1
TLN1	16	132	22	6	6	4	1	4	1	1	4
TLN2	1	200	1	1	1	1	1	1	1	1	1
TM4SF1	52	80	50	10	6	1	1	1	1	1	1
TM7SF2	1	1	1	1	26	44	38	1	60	14	20
TM9SF2	42	158	1	1	1	1	1	1	1	1	1
TM9SF3	26	118	54	1	1	1	1	1	1	1	1
TMBIM6	1	1	1	1	40	102	28	1	32	1	1
TMCO1	1	1	1	1	14	40	34	26	1	50	30
TMED1	1	66	14	4	50	48	4	12	1	1	1
TMED10	12	82	34	4	16	22	10	8	1	6	4
TMED2	14	84	30	6	20	12	10	6	1	16	4
TMED3	1	1	1	6	16	28	20	36	76	18	1
TMED4	32	70	36	4	12	16	10	6	10	1	1
TMED5	1	42	24	6	24	30	12	10	24	18	8
TMED7	26	106	42	4	4	4	4	4	1	1	4
TMED9	26	54	28	6	12	28	12	8	18	8	4
TMEM106B	200	1	1	1	1	1	1	1	1	1	1
TMEM109	1	8	10	10	24	48	30	22	1	24	26
TMEM11	1	1	1	1	1	1	1	1	1	200	1
TMEM120A	1	1	1	1	1	1	46	36	104	1	14
TMEM131	1	1	1	1	1	1	1	200	1	1	1
TMEM135	1	1	1	1	1	8	18	6	62	64	42
TMEM14C	1	1	1	1	1	1	1	1	1	200	1
TMEM165	74	112	1	12	1	1	1	1	1	1	1
TMEM167A	38	1	84	1	10	66	1	1	1	1	1
TMEM199	1	1	1	1	54	82	1	1	1	26	36
TMEM2	28	88	22	10	24	1	16	1	4	1	4
TMEM205	1	1	1	1	154	1	40	1	8	1	1
TMEM214	1	1	8	1	26	52	38	10	26	14	24
TMEM258	1	1	1	1	16	58	24	18	1	48	34
TMEM30A	28	34	96	10	22	1	1	6	1	1	4
TMEM33	1	12	28	8	18	46	24	16	28	16	8
TMEM41B	1	1	1	1	1	1	1	1	1	1	1
TMEM43	1	1	4	4	34	52	40	26	18	12	12
TMEM50B	34	90	68	6	1	1	1	1	1	1	1
TMEM59	1	1	1	1	1	1	1	1	1	1	1
TMEM70	1	1	1	1	1	1	1	1	1	1	1
TMEM97	1	1	8	6	30	52	24	24	1	36	20
TMF1	22	150	1	1	1	28	1	1	1	1	1
TMOD3	30	114	30	1	12	6	1	1	1	1	1
TMPO	1	1	1	1	28	52	46	1	30	10	34
TMPO	1	1	1	1	28	52	46	1	30	10	34
TMTC3	1	1	1	1	1	1	1	1	1	126	74
TMUB1	1	1	1	4	38	76	20	16	16	16	16
TMX1	12	1	20	12	58	36	12	1	1	20	32
TMX2	112	88	1	1	1	1	1	1	1	1	1
TMX3	6	14	14	4	34	42	30	16	22	6	12
TNIK	200	1	1	1	1	1	1	1	1	1	1
TNKS1BP1	1	1	1	1	1	1	1	1	1	1	1
TNPO1	124	50	1	16	4	1	1	1	1	1	1
TOE1	1	118	82	1	1	1	1	1	1	1	1
TOMM20	1	1	1	1	1	1	1	1	1	1	1
TOMM22	1	1	1	1	1	14	24	62	1	82	16
TOMM40	1	1	1	1	8	18	36	42	74	14	8
TOMM5	1	1	1	1	1	1	1	1	1	1	1
TOMM70A	1	1	1	1	4	8	36	44	70	26	12
TOP1	1	74	74	1	1	4	4	4	8	4	24
TOP2A	1	1	1	1	1	1	28	4	6	24	136
TOP2B	1	1	4	1	6	1	40	4	30	34	80
TOR1A	1	1	10	1	44	38	36	18	30	4	20
TOR1AIP1	1	1	4	8	42	54	42	16	20	6	8
TOR1AIP2	1	1	1	1	34	112	46	1	1	8	1
TOR1AIP2	1	1	1	1	34	112	46	1	1	8	1
TOR4A	1	1	1	1	1	40	100	26	22	1	10
TP53I11	184	1	1	1	16	1	1	1	1	1	1
TPD52	76	84	1	4	1	1	1	18	1	1	18
TPD52L2	112	50	16	4	8	1	1	1	1	1	4
TPI1	124	34	6	4	1	4	1	6	4	1	12
TPM1	72	66	20	6	12	6	6	4	1	1	4
TPM3	126	22	12	1	24	1	1	1	10	1	1
TPM4	32	88	52	1	24	1	1	4	1	1	1
TPP1	114	78	6	1	1	1	1	1	1	1	1
TPP2	1	74	120	4	1	1	1	1	1	1	1
TPT1	1	1	1	1	1	1	1	1	1	1	1
TRA2A	1	58	142	1	1	1	1	1	1	1	1
TRA2B	1	76	116	6	1	1	1	1	1	1	1
TRABD	1	1	1	1	1	1	32	94	18	22	34
TRAM1	1	1	1	4	16	34	36	16	50	28	16
TRANK1	1	158	42	1	1	1	1	1	1	1	1
TRAP1	20	22	10	1	4	8	20	42	48	14	14
TREX1	1	1	1	1	54	118	1	1	8	1	20
TRIM2	1	124	76	1	1	1	1	1	1	1	1
TRIM25	4	112	84	1	1	1	1	1	1	1	1
TRIM28	16	122	58	1	1	1	1	1	1	1	1
TRIM56	1	76	124	1	1	1	1	1	1	1	1
TRIP12	1	76	124	1	1	1	1	1	1	1	1
TRIP4	1	136	1	1	1	1	64	1	1	1	1
TRMT1L	1	14	184	1	1	1	1	1	1	1	1
TRMT2A	1	1	1	1	1	1	1	1	1	1	1
TROVE2	1	118	82	1	1	1	1	1	1	1	1
TRRAP	1	108	92	1	1	1	1	1	1	1	1
TSFM	6	48	1	1	1	1	10	32	62	32	12
TSPAN14	78	122	1	1	1	1	1	1	1	1	1
TSPAN3	122	64	14	1	1	1	1	1	1	1	1
TSPAN8	40	68	36	10	16	10	6	4	4	4	4
TSR1	4	114	82	1	1	1	1	1	1	1	1
TST	1	1	1	1	1	1	1	44	104	44	8
TSTA3	200	1	1	1	1	1	1	1	1	1	1
TTBK2	1	56	1	26	4	20	1	70	1	1	24
TTC19	1	1	1	1	4	1	20	60	104	10	1
TTC38	1	1	1	1	1	1	1	1	1	1	1
TUBA4A	92	62	1	8	6	12	12	1	1	1	8
TUBA4B	66	56	30	1	8	8	6	10	4	1	6
TUBB	82	50	16	1	8	10	8	10	6	1	8
TUBB2A	200	1	1	1	1	1	1	1	1	1	1
TUBG1	76	116	8	1	1	1	1	1	1	1	1
TUBGCP2	194	6	1	1	1	1	1	1	1	1	1
TUFM	1	1	1	1	4	14	26	42	60	38	16
TXN	1	1	1	4	32	44	36	24	22	12	26
TXNDC12	1	4	6	4	26	36	30	22	26	28	20
TXNDC17	6	66	34	8	14	26	16	10	8	6	6
TXNDC5	26	12	1	1	14	42	30	20	30	1	26
TXNIP	66	58	30	10	8	4	6	6	1	4	6
TXNL1	184	14	1	1	1	1	1	1	1	1	1
TXNRD1	1	1	1	1	1	1	1	98	102	1	1
TXNRD2	1	1	1	1	6	10	18	34	62	48	22
U2AF1	6	90	90	4	6	1	1	1	1	1	1
U2AF2	1	50	134	4	6	4	1	1	1	1	1
U2SURP	1	1	1	8	38	46	28	22	24	20	12
UACA	1	96	84	1	10	1	1	1	1	1	10
UBA1	120	56	1	1	4	1	4	4	4	1	8
UBAC2	1	1	1	1	1	1	1	1	104	96	1
UBAP2L	1	140	60	1	1	1	1	1	1	1	1
UBE2J1	1	1	1	1	24	88	32	16	20	8	10
UBE2K	182	1	1	18	1	1	1	1	1	1	1
UBE2L3	200	1	1	1	1	1	1	1	1	1	1
UBE2M	42	1	1	1	58	1	1	1	1	78	20
UBE2NL	106	66	20	6	1	1	1	1	1	1	1
UBL5	1	1	1	1	1	1	1	1	1	1	1
UBQLN2	56	1	1	1	1	34	30	20	1	1	60
UBR4	126	70	1	1	1	1	1	1	1	1	1
UBR5	200	1	1	1	1	1	1	1	1	1	1
UBTF	1	1	1	1	4	20	14	14	26	16	108
UBXN4	1	1	16	10	46	46	34	10	28	1	8
UCHL5	190	6	1	1	1	1	1	1	1	1	1
UFM1	200	1	1	1	1	1	1	1	1	1	1
UFSP2	1	1	1	4	10	100	34	10	30	8	4
UGDH	128	60	1	1	4	1	1	4	1	1	4
UGGT1	1	1	8	4	18	46	46	16	32	14	20
UGGT2	1	1	1	1	1	1	136	1	64	1	1
UGP2	200	1	1	1	1	1	1	1	1	1	1
UGT1A1	1	4	16	4	18	44	32	30	32	10	10
UGT1A10	1	1	1	1	38	48	24	56	20	1	16
UGT1A6	1	1	10	4	24	42	32	32	32	8	14
UGT2B17	1	1	1	1	20	180	1	1	1	1	1
UGT8	1	1	1	1	26	40	40	34	30	10	12
UIMC1	1	94	106	1	1	1	1	1	1	1	1
UNC45A	122	1	1	6	14	1	1	22	12	1	24
UPF1	1	10	162	8	10	4	1	1	1	1	1
UPF2	1	88	112	1	1	1	1	1	1	1	1
UPF3B	1	42	158	1	1	1	1	1	1	1	1
UQCRC1	1	1	1	1	14	28	32	52	52	12	8
UQCRC2	1	1	1	1	10	16	26	42	48	34	22
UQCRFS1P1	1	1	1	1	1	1	1	1	1	1	1
UQCRQ	1	1	1	1	12	1	8	72	1	96	12
USE1	1	1	1	1	68	92	14	8	4	6	8
USMG5	1	1	1	1	24	24	38	54	1	26	34
USO1	14	126	60	1	1	1	1	1	1	1	1
USP10	38	82	80	1	1	1	1	1	1	1	1
USP14	16	106	78	1	1	1	1	1	1	1	1
USP39	1	38	160	1	1	1	1	1	1	1	1
USP7	178	22	1	1	1	1	1	1	1	1	1
UTP14A	1	82	118	1	1	1	1	1	1	1	1
UTP18	1	1	200	1	1	1	1	1	1	1	1
UTP20	1	110	90	1	1	1	1	1	1	1	1
UTP3	1	58	142	1	1	1	1	1	1	1	1
UTRN	26	48	1	1	8	1	1	1	1	116	1
VAMP3	50	28	84	14	18	1	1	1	1	1	1
VAMP7	80	60	58	1	1	1	1	1	1	1	1
VAMP8	40	84	58	8	8	1	1	1	1	1	1
VAPA	4	12	16	8	30	32	24	22	24	12	16
VAPB	1	6	14	8	28	44	24	14	32	12	18
VARS	42	110	1	1	1	1	1	8	6	12	16
VARS2	1	1	1	1	1	1	26	38	74	6	54
VASP	76	80	28	4	1	6	1	1	1	1	1
VCL	116	40	4	6	1	8	1	6	4	4	12
VCP	88	20	12	6	18	26	10	4	6	1	8
VDAC1	1	1	1	1	10	24	36	36	52	24	16
VDAC2	1	1	1	1	8	22	30	32	64	18	22
VDAC3	1	1	1	1	8	16	38	36	66	22	16
VEZT	4	26	16	10	24	28	24	16	20	12	22
VIL1	36	68	48	10	10	8	8	4	4	1	1
VILL	1	1	1	200	1	1	1	1	1	1	1
VMP1	1	1	1	1	48	20	1	54	64	1	16
VPS13C	72	128	1	1	1	1	1	1	1	1	1
VPS35	138	40	1	4	14	1	1	1	1	1	1
VPS45	1	1	198	1	1	1	1	1	1	1	1
VPS4A	200	1	1	1	1	1	1	1	1	1	1
VPS4B	66	78	34	1	4	4	1	4	1	1	4
VRK2	1	1	1	4	6	46	36	22	62	4	18
VTA1	110	90	1	1	1	1	1	1	1	1	1
VTI1A	22	138	26	12	1	1	1	1	1	1	1
VTI1B	124	50	16	10	1	1	1	1	1	1	1
WASF2	36	96	62	6	1	1	1	1	1	1	1
WBP11	1	1	1	1	200	1	1	1	1	1	1
WDR1	38	74	44	10	10	12	4	1	1	1	4
WDR18	1	1	178	20	1	1	1	1	1	1	1
WDR3	1	50	150	1	1	1	1	1	1	1	1
WDR33	1	72	128	1	1	1	1	1	1	1	1
WDR82	1	94	106	1	1	1	1	1	1	1	1
WFS1	1	1	1	1	32	28	68	10	20	20	18
WIBG	26	126	44	1	1	1	1	1	1	1	1
WTAP	1	1	1	1	1	1	1	1	1	1	1
XAB2	1	1	1	6	72	118	1	1	1	1	1
XRCC1	1	58	30	1	34	14	16	1	1	8	38
XRCC5	12	82	66	4	8	8	6	4	4	1	6
XRCC6	8	66	80	6	10	8	6	1	4	1	12
XRN1	1	168	32	1	1	1	1	1	1	1	1
XRN2	30	78	56	1	8	8	8	4	1	1	4
YARS	134	58	1	1	1	1	1	1	1	1	6
YBX1	4	84	84	8	8	6	1	1	1	1	1
YBX2	1	60	136	1	1	1	1	1	1	1	1
YES1	60	78	38	4	12	4	1	1	1	1	1
YIF1A	18	74	70	6	1	6	10	8	10	1	1
YIF1B	1	200	1	1	1	1	1	1	1	1	1
YIPF4	56	82	30	1	1	1	30	1	1	1	1
YKT6	80	44	36	6	8	1	1	1	16	1	8
YME1L1	1	1	1	1	1	12	28	60	54	38	10
YTHDC2	1	8	50	1	14	1	1	1	126	1	1
YTHDF2	72	110	20	1	1	1	1	1	1	1	1
YTHDF3	42	112	40	1	1	1	1	1	1	1	4
YWHAB	68	80	22	4	10	1	1	4	4	1	6
YWHAE	60	66	22	6	8	8	8	6	6	1	6
YWHAG	64	72	24	4	10	4	4	6	1	4	6
YWHAH	80	80	18	1	10	1	1	1	1	1	6
YWHAQ	82	90	14	4	1	4	1	1	4	1	1
YWHAZ	56	68	28	6	10	6	4	8	4	4	4
ZAK	1	1	194	6	1	1	1	1	1	1	1
ZBTB11	1	84	116	1	1	1	1	1	1	1	1
ZC3H15	1	118	80	1	1	1	1	1	1	1	1
ZC3H4	1	148	52	1	1	1	1	1	1	1	1
ZC3H7B	1	112	88	1	1	1	1	1	1	1	1
ZC3HAV1	1	74	116	1	1	4	1	1	1	1	1
ZCCHC3	1	4	196	1	1	1	1	1	1	1	1
ZCCHC6	1	42	70	1	1	88	1	1	1	1	1
ZCCHC8	1	44	156	1	1	1	1	1	1	1	1
ZFP91	1	100	100	1	1	1	1	1	1	1	1
ZFPL1	38	162	1	1	1	1	1	1	1	1	1
ZFR	4	18	30	8	32	40	26	8	28	1	6
ZMPSTE24	1	1	6	6	30	28	38	24	32	22	14
ZMYND8	1	118	82	1	1	1	1	1	1	1	1
ZNF24	1	1	38	1	1	1	108	1	1	1	54
ZNF318	1	200	1	1	1	1	1	1	1	1	1
ZNF326	1	166	34	1	1	1	1	1	1	1	1
ZNF638	1	200	1	1	1	1	1	1	1	1	1
ZNF845	1	78	122	1	1	1	1	1	1	1	1
ZW10	1	1	4	8	22	90	42	6	22	4	1
ZYX	116	1	76	8	1	1	1	1	1	1	1
ZZEF1	186	14	1	1	1	1	1	1	1	1	1
