Gene	Cyt Carvalho	Nucl Carvalho	Mit Carvalho		cyt Bileck	Nucl Bileck		Cyt Thakar	Nucl Thakar	TOT Thakar
AAAS	1	98	1		1	100		1	71	29
AAK1	76	24	1		74	26		87	1	13
AAMP	87	12	1		98	2		89	1	11
AARS	70	30	1		100	1		81	1	18
AARS2	1	19	81		100	1		1	1	100
AARSD1	100	1	1		100	1		90	1	10
AASDHPPT	39	59	2		100	1		69	1	31
AATF	1	99	1		1	100		1	100	1
ABCB10	1	34	65		99	1		1	1	100
ABCB7	1	38	62		100	1		1	1	100
ABCC1	4	87	9		40	60		1	1	100
ABCD1	1	1	100		59	41		1	1	100
ABCD3	21	74	6		11	89		1	6	94
ABCE1	47	51	1		71	29		83	1	17
ABCF1	64	34	1		44	56		78	1	20
ABCF2	56	41	3		69	31		74	1	24
ABCF3	54	45	1		100	1		90	1	10
ABHD10	1	35	65		96	4		1	6	94
ABHD14B	70	30	1		99	1		84	1	16
ABI1	28	71	1		31	69		89	1	11
ACAA1	35	36	29		84	16		22	1	78
ACAA2	1	36	64		93	7		1	1	100
ACACA	100	1	1		51	49		91	1	9
ACAD8	83	1	17		100	1		50	50	1
ACAD9	2	53	45		85	15		1	56	44
ACADS	4	48	48		100	1		50	50	1
ACADSB	4	64	32		100	1		1	1	100
ACADVL	1	47	53		85	15		1	5	95
ACAP2	49	51	1		98	2		81	1	19
ACAT1	1	42	58		94	6		6	6	88
ACAT2	73	27	1		100	1		91	1	9
ACBD3	25	74	1		96	4		51	1	49
ACO1	67	31	3		100	1		85	1	14
ACO2	1	59	40		100	1		1	4	95
ACOT13	1	22	78		69	31		16	3	81
ACOT7	80	20	1		100	1		90	1	10
ACOT9	3	59	38		85	15		1	1	100
ACP1	77	18	5		100	1		1	5	95
ACSF2	1	39	60		99	1		1	1	100
ACSF3	1	29	71		98	2		1	1	100
ACSL1	16	72	12		100	1		16	1	84
ACSL3	8	87	5		99	1		1	5	95
ACSL4	17	73	10		96	4		64	1	35
ACTA1	51	48	1		31	69		1	100	1
ACTBL2	2	28	70		85	15		63	1	37
ACTG1	42	53	4		56	44		72	1	28
ACTL6A	13	87	1		6	94		12	70	18
ACTN1	53	46	1		84	16		53	30	16
ACTN4	52	46	2		2	98		77	1	22
ACTR10	100	1	1		87	13		84	1	16
ACTR1A	58	41	1		80	20		80	1	20
ACTR2	26	73	1		25	75		75	1	24
ACTR3	20	79	1		32	68		80	3	16
ACY1	88	12	1		100	1		75	1	25
ADAM10	8	81	12		94	6		50	50	1
ADAR	1	99	1		1	100		1	100	1
ADH5	70	30	1		100	1		78	1	22
ADK	67	33	1		100	1		76	1	24
ADPGK	2	97	1		99	1		50	50	1
ADPRHL2	73	27	1		99	1		72	1	28
ADRBK1	34	65	1		78	22		93	1	7
ADRM1	74	26	1		97	3		57	2	40
ADSL	82	17	1		99	1		83	1	17
ADSS	71	29	1		100	1		82	1	18
AFG3L2	2	46	52		64	36		1	3	97
AGFG1	78	13	9		70	30		59	1	41
AGL	100	1	1		100	1		87	1	13
AGPAT1	1	80	20		96	4		1	1	100
AGPAT5	1	79	21		28	72		1	41	59
AGPS	23	71	6		85	15		1	1	98
AHCY	67	33	1		99	1		73	1	26
AHCYL1	16	66	19		98	2		73	4	23
AHNAK	15	80	5		34	66		14	78	9
AHSA1	63	36	1		100	1		75	1	24
AIFM1	2	62	36		38	62		1	8	92
AIMP1	94	4	2		77	23		68	1	31
AIMP2	48	47	5		100	1		78	1	21
AIP	82	18	1		95	5		86	1	14
AK2	36	37	26		84	16		36	3	60
AK3	3	48	50		100	1		1	1	100
AKAP13	100	1	1		83	17		81	1	19
AKAP8	5	95	1		1	100		1	97	3
AKAP8L	26	74	1		25	75		100	1	1
AKR1A1	73	27	1		100	1		87	1	13
AKR1B1	75	22	3		100	1		78	1	22
AKR7A2	66	33	1		100	1		82	1	18
AKT2	76	24	1		98	2		100	1	1
ALDH16A1	81	19	1		100	1		94	2	4
ALDH18A1	1	69	30		99	1		1	14	85
ALDH1B1	2	71	27		99	1		1	1	100
ALDH9A1	48	39	12		99	1		75	1	25
ALDOA	59	37	3		96	4		67	1	33
ALDOC	72	27	1		98	2		77	1	23
ALG1	11	85	4		100	1		1	1	100
ALG2	1	99	1		100	1		50	50	1
ALG5	7	92	1		100	1		1	1	100
AMPD2	73	22	5		100	1		85	1	15
ANAPC1	37	63	1		11	89		70	1	29
ANAPC4	82	18	1		9	91		1	12	88
ANAPC5	53	47	1		26	74		62	33	5
ANAPC7	3	97	1		4	96		79	4	17
ANKFY1	98	1	2		93	7		78	1	22
ANKHD1	100	1	1		81	19		74	1	26
ANKRD17	80	19	1		100	1		90	1	10
ANKRD28	94	6	1		100	1		100	1	1
ANKZF1	100	1	1		15	85		62	1	38
ANO6	1	1	100		98	2		1	1	100
ANP32A	42	57	1		95	5		89	5	6
ANP32B	43	55	3		93	7		30	4	66
ANP32E	51	49	1		92	8		62	1	38
ANXA1	83	17	1		98	2		78	2	20
ANXA11	58	41	1		92	8		63	5	32
ANXA2	25	69	6		74	26		52	8	40
ANXA4	57	42	1		100	1		59	3	38
ANXA5	58	42	1		99	1		56	3	41
ANXA6	99	1	1		94	6		69	7	24
ANXA7	58	42	1		99	1		61	3	35
AP1B1	29	71	1		90	10		55	1	45
AP1G1	45	54	1		95	5		80	2	18
AP1M1	52	47	1		91	9		50	1	50
AP1S1	47	52	1		89	11		79	3	19
AP2A1	13	71	16		52	48		60	34	5
AP2A2	12	81	6		100	1		57	2	41
AP2B1	24	68	8		52	48		80	9	11
AP2M1	21	68	11		46	54		23	28	49
AP2S1	24	70	6		60	40		28	61	11
AP3B1	63	37	1		83	17		78	1	22
AP3D1	77	23	1		78	22		77	1	23
AP3M1	84	16	1		81	19		94	1	6
AP3S1	49	48	3		70	30		89	1	11
APEH	80	20	1		100	1		92	1	8
APEX1	16	84	1		33	67		59	3	38
API5	100	1	1		1	100		54	29	16
APIP	97	3	1		95	5		100	1	1
APMAP	8	87	5		99	1		1	13	87
APOA1BP	37	49	14		100	1		85	1	15
APOBEC3C	24	74	2		16	84		40	56	5
APOL2	2	77	21		99	1		24	2	74
APOO	1	72	28		70	30		1	38	62
APPL1	100	1	1		100	1		95	1	5
APRT	66	33	1		99	1		87	1	11
AQR	1	98	1		1	100		5	80	14
ARAF	66	34	1		97	3		100	1	1
ARAP1	36	64	1		96	4		84	1	16
ARCN1	62	33	4		52	48		91	1	8
ARF1	44	55	1		99	1		81	3	16
ARF3	1	100	1		100	1		1	100	1
ARF4	43	56	1		96	4		64	10	26
ARF5	100	1	1		100	1		60	7	33
ARF6	19	76	5		96	4		82	1	17
ARFGAP1	51	44	5		100	1		1	1	100
ARFGAP2	31	69	1		76	24		89	1	11
ARFGEF2	72	25	3		100	1		86	1	14
ARHGAP1	56	43	1		99	1		74	1	26
ARHGAP17	33	66	1		66	34		89	1	11
ARHGDIA	80	20	1		98	2		87	1	13
ARHGEF1	36	64	1		88	12		99	1	1
ARHGEF2	44	53	3		82	18		87	1	13
ARHGEF7	85	15	1		91	9		90	1	10
ARID1A	2	98	1		1	100		1	100	1
ARIH1	28	72	1		96	4		76	1	24
ARL1	42	58	1		100	1		61	9	30
ARL6IP5	10	85	5		87	13		1	1	100
ARL8A	100	1	1		100	1		50	50	1
ARL8B	31	60	9		100	1		1	8	92
ARMC1	60	1	40		46	54		76	1	24
ARMC10	1	66	34		79	21		1	81	19
ARMC6	92	6	2		100	1		81	1	19
ARMC8	49	49	2		77	23		68	1	32
ARPC1A	19	81	1		35	65		80	4	16
ARPC1B	20	78	2		34	66		79	1	20
ARPC2	23	75	2		39	61		83	2	15
ARPC3	17	80	3		30	70		75	6	19
ARPC4	20	79	1		38	62		73	8	20
ARPC5	36	61	2		34	66		80	8	12
ARPC5L	6	93	1		15	85		82	1	17
ASCC2	100	1	1		19	81		100	1	1
ASCC3	100	1	1		14	86		81	1	19
ASH2L	1	100	1		2	98		1	100	1
ASNA1	44	55	1		99	1		70	2	28
ASNS	72	28	1		80	20		39	1	61
ATAD1	2	63	34		8	92		1	41	59
ATG3	99	1	1		100	1		87	1	13
ATIC	71	29	1		98	2		84	1	16
ATL2	23	72	5		100	1		1	3	97
ATL3	9	88	3		99	1		1	1	100
ATM	44	56	1		1	100		42	1	58
ATP13A1	7	87	6		58	42		1	1	100
ATP1A1	5	75	20		82	18		44	8	48
ATP1B3	6	89	5		85	15		9	4	87
ATP2A2	12	79	9		89	11		1	2	98
ATP2C1	10	83	6		77	23		1	1	100
ATP5A1	1	73	25		100	1		4	11	85
ATP5B	5	85	10		91	9		2	9	89
ATP5C1	1	56	43		96	4		1	11	87
ATP5D	1	36	63		98	2		1	24	76
ATP5F1	1	61	38		97	3		1	12	88
ATP5H	1	24	76		93	7		1	15	85
ATP5I	1	50	50		89	11		1	4	96
ATP5J2	1	93	6		98	2		8	5	87
ATP5L	1	59	41		94	6		1	11	89
ATP5O	33	21	46		94	6		5	8	87
ATP6AP1	1	97	3		47	53		1	25	75
ATP6V0A2	80	18	2		60	40		1	43	57
ATP6V0D1	46	53	2		39	61		1	78	22
ATP6V1A	62	36	2		70	30		66	7	27
ATP6V1B2	64	36	1		74	26		61	23	16
ATP6V1C1	51	48	1		85	15		50	14	36
ATP6V1D	100	1	1		80	20		84	4	11
ATP6V1E1	90	8	2		74	26		60	25	15
ATP6V1G1	100	1	1		67	33		62	13	25
ATP6V1H	97	3	1		84	16		80	3	16
ATPAF2	1	40	60		68	32		1	7	93
ATXN10	78	21	1		100	1		97	1	3
ATXN2	81	16	3		14	86		1	1	100
ATXN2L	81	15	4		100	1		62	1	38
AUH	1	1	100		1	99		1	1	100
AUP1	21	77	2		100	1		1	1	100
BANF1	56	43	1		73	27		38	46	16
BASP1	39	44	17		78	22		79	2	20
BAX	32	58	10		91	9		67	1	33
BCAP31	8	77	14		94	6		1	7	93
BCAS2	1	100	1		1	100		21	53	26
BCAT2	1	77	22		100	1		1	1	100
BCCIP	35	64	1		100	1		61	9	30
BCKDK	1	1	100		62	38		1	100	1
BCL2L13	8	58	34		100	1		1	1	100
BCLAF1	2	98	1		1	100		1	100	1
BCS1L	1	72	28		99	1		1	2	98
BIRC6	63	37	1		100	1		89	1	11
BLMH	69	30	1		92	8		81	1	19
BLOC1S2	62	37	1		68	32		43	1	57
BLVRB	94	5	1		99	1		74	1	25
BOLA2	91	6	3		100	1		21	1	79
BOP1	42	58	1		1	100		1	100	1
BPHL	40	12	48		100	1		1	1	100
BPNT1	82	16	2		100	1		71	1	29
BRD2	1	100	1		1	100		50	38	11
BRD4	1	100	1		1	100		1	100	1
BRI3BP	8	59	33		60	40		1	1	100
BROX	75	25	1		100	1		76	1	24
BSG	8	80	13		94	6		34	32	34
BST2	29	56	16		24	76		1	1	100
BTF3	68	31	1		74	26		72	1	28
BUB3	20	78	2		10	90		39	32	29
BUD31	22	76	2		7	93		11	66	22
BYSL	62	38	1		1	99		16	64	20
BZW1	33	66	1		97	3		52	1	47
BZW2	26	74	1		95	5		74	2	23
C1QBP	1	87	12		92	8		13	16	71
CAB39	33	66	2		100	1		85	1	15
CACYBP	76	24	1		81	19		86	1	13
CALR	23	62	14		93	7		11	5	84
CALU	20	60	20		100	1		1	2	98
CAMK2G	30	70	1		21	79		76	6	18
CAND1	19	81	1		95	5		77	1	22
CANX	11	84	6		97	3		4	14	83
CAP1	76	23	1		99	1		88	1	11
CAPN1	83	17	1		99	1		89	1	11
CAPN7	66	34	1		97	3		100	1	1
CAPRIN1	50	45	5		18	82		85	4	11
CAPZA1	60	39	1		57	43		76	3	21
CAPZA2	62	38	1		62	38		78	3	19
CAPZB	55	43	2		1	100		74	5	20
CARHSP1	100	1	1		100	1		89	1	11
CARM1	68	32	1		99	1		82	1	18
CARS2	2	55	42		96	4		1	1	100
CASP3	100	1	1		100	1		84	1	16
CAT	25	63	11		97	3		11	6	83
CBFB	81	19	1		36	64		80	1	20
CBR4	1	1	100		66	34		1	17	83
CBWD1	96	4	1		84	16		100	1	1
CBX1	100	1	1		15	85		1	100	1
CBX3	58	42	1		21	79		16	59	25
CBX5	100	1	1		1	99		1	100	1
CCAR1	1	99	1		1	100		1	91	9
CCBL2	72	13	15		100	1		73	13	14
CCDC124	100	1	1		90	10		67	1	33
CCDC22	68	32	1		60	40		97	1	3
CCDC25	100	1	1		98	2		1	100	1
CCDC47	5	84	11		64	36		1	9	91
CCDC50	67	16	17		99	1		74	1	26
CCDC51	5	49	46		81	19		1	4	96
CCDC58	25	52	23		94	6		1	1	100
CCDC6	98	1	2		100	1		72	1	28
CCNK	2	98	1		3	97		1	100	1
CCT2	58	41	1		93	7		90	1	9
CCT3	56	43	1		93	7		84	1	15
CCT4	46	53	1		94	6		88	1	10
CCT5	54	46	1		93	7		89	1	10
CCT6A	68	31	1		100	1		89	1	10
CCT7	52	47	1		94	6		88	1	11
CCT8	53	46	1		92	8		84	1	15
CD2AP	39	55	6		33	67		94	1	6
CD2BP2	13	87	1		7	93		1	98	2
CD63	37	54	9		100	1		50	50	1
CD81	7	91	2		100	1		4	1	96
CDC37	62	37	1		97	3		69	1	31
CDC42	48	41	11		100	1		76	2	22
CDC42SE2	1	1	100		100	1		50	50	1
CDC5L	3	97	1		1	100		1	97	3
CDC73	4	96	1		1	100		5	72	24
CDIPT	2	96	2		100	1		1	1	100
CDK2	20	80	1		94	6		59	1	40
CDK5	52	48	1		94	6		74	1	26
CDK5RAP3	12	78	9		56	44		1	14	86
CDK6	100	1	1		74	26		100	1	1
CDK7	5	94	1		1	100		55	1	45
CDK9	6	94	1		12	88		1	72	28
CDKN2AIP	13	87	1		2	98		1	50	50
CDV3	90	10	1		99	1		72	1	28
CEBPZ	1	98	1		1	100		1	100	1
CECR5	4	54	42		95	5		1	1	100
CEPT1	1	98	2		35	65		1	1	100
CFDP1	1	100	1		100	1		23	1	77
CFL1	85	13	2		50	50		79	2	19
CHCHD3	1	48	52		1	99		1	19	81
CHCHD4	1	39	61		65	35		1	1	100
CHD1L	1	99	1		38	62		1	1	100
CHD4	1	99	1		1	100		1	75	23
CHD8	1	100	1		2	98		1	1	100
CHERP	4	96	1		1	100		1	100	1
CHID1	1	72	26		20	80		1	1	100
CHMP2A	24	75	1		94	6		66	5	29
CHMP4B	80	20	1		96	4		54	9	36
CHMP5	66	34	1		100	1		75	1	24
CHORDC1	88	11	1		100	1		82	1	18
CIAPIN1	89	8	3		100	1		68	1	32
CIRBP	37	63	1		6	94		11	81	8
CIRH1A	6	94	1		1	100		1	99	1
CISD1	6	71	23		75	25		1	23	77
CISD2	12	86	2		93	7		1	11	89
CKAP4	12	74	14		19	81		1	6	94
CKAP5	4	94	2		22	78		71	1	29
CLASP1	13	87	1		78	22		29	1	71
CLCC1	2	94	4		100	1		1	1	100
CLIC1	62	38	1		96	4		84	1	15
CLIC4	53	46	2		64	36		92	1	8
CLINT1	74	21	5		85	15		23	1	77
CLNS1A	83	17	1		100	1		62	1	38
CLPB	2	17	81		19	81		1	39	61
CLPP	1	66	34		100	1		1	1	100
CLPTM1	1	91	9		100	1		1	1	100
CLPTM1L	7	90	3		83	17		1	1	100
CLPX	12	30	58		100	1		1	1	100
CLTA	64	15	21		50	50		70	8	22
CLTB	66	27	7		60	40		67	1	33
CLTC	38	56	6		1	100		80	1	18
CMAS	1	100	1		1	100		5	64	31
CMPK1	87	13	1		99	1		75	1	24
CNBP	98	1	2		100	1		74	11	15
CNDP2	77	22	1		98	2		74	1	26
CNIH4	19	80	1		85	15		1	100	1
CNOT3	100	1	1		18	82		96	1	4
CNOT7	100	1	1		13	87		93	1	7
CNP	5	76	19		99	1		19	1	81
CNPY2	31	61	8		98	2		21	12	67
COASY	94	6	1		98	2		93	1	7
COG2	52	46	2		100	1		100	1	1
COG5	75	24	1		96	4		87	1	13
COIL	1	100	1		1	100		1	100	1
COMMD2	88	12	1		80	20		100	1	1
COMMD3	100	1	1		79	21		66	1	34
COMMD4	59	41	1		85	15		80	1	20
COMMD5	100	1	1		82	18		100	1	1
COMMD8	43	57	1		51	49		92	1	8
COMT	12	87	2		100	1		39	3	59
COMTD1	1	54	46		2	98		1	100	1
COPA	42	56	2		67	33		76	1	24
COPB1	42	57	1		66	34		77	1	23
COPB2	50	49	2		63	37		77	1	23
COPE	47	52	1		65	35		76	1	24
COPG2	33	33	33		80	20		83	1	17
COPS3	41	59	1		98	2		67	1	33
COPS4	57	42	1		97	3		66	1	34
COPS5	65	34	1		97	3		61	7	32
COPS6	49	51	1		97	3		76	1	23
COPS7A	82	17	1		96	4		80	1	19
COPS7B	74	26	1		98	2		86	1	14
COPS8	1	100	1		97	3		79	1	21
COPZ1	32	66	1		48	52		79	1	20
COQ7	6	53	41		100	1		50	50	1
COQ9	1	46	54		100	1		1	1	100
CORO1C	37	55	8		21	79		28	65	7
CORO7	49	41	10		41	59		100	1	1
COX11	1	27	73		100	1		50	50	1
COX17	14	1	86		100	1		15	1	85
COX4I1	1	71	29		65	35		1	11	89
COX5A	6	45	49		46	54		2	60	38
COX5B	7	13	79		34	66		1	15	84
COX6B1	1	70	30		45	55		1	70	30
COX6C	1	70	30		79	21		1	55	45
COX7A2	1	90	10		48	52		1	81	19
COX7A2L	1	11	89		72	28		1	36	64
CPNE1	98	2	1		98	2		81	2	17
CPNE3	57	43	1		97	3		73	11	16
CPOX	17	11	73		100	1		1	1	100
CPSF1	1	99	1		1	100		1	100	1
CPSF2	18	82	1		1	100		1	100	1
CPSF3	28	72	1		3	97		13	86	1
CPSF6	1	99	1		13	87		16	35	49
CPSF7	1	99	1		1	99		8	73	19
CPT2	1	46	54		98	2		1	1	100
CRK	100	1	1		100	1		78	1	22
CRKL	100	1	1		98	2		74	1	26
CRNKL1	1	100	1		1	100		1	100	1
CRTAP	5	94	2		100	1		1	82	18
CRYZ	85	9	7		99	1		49	1	50
CS	2	67	30		89	11		1	8	92
CSE1L	44	56	1		81	19		70	15	14
CSK	28	71	1		59	41		76	1	24
CSNK1A1	32	68	1		43	57		62	16	22
CSNK2A1	21	79	1		61	39		32	40	28
CSNK2A2	27	72	1		60	40		30	43	27
CSNK2B	14	85	1		46	54		40	30	30
CSRP1	23	50	27		11	89		66	1	34
CSTB	100	1	1		98	2		87	1	12
CSTF1	5	95	1		1	99		1	69	31
CSTF2	33	66	1		3	97		12	37	51
CSTF2T	24	75	1		1	99		1	1	100
CSTF3	10	90	1		1	100		1	91	8
CTAGE5	11	52	37		100	1		1	1	100
CTCF	1	100	1		1	100		50	50	1
CTH	84	16	1		100	1		70	1	30
CTNNA1	30	67	3		100	1		87	1	12
CTNNBL1	3	96	1		2	98		7	71	22
CTNND1	33	65	2		63	37		72	1	28
CTR9	6	94	1		1	100		1	38	62
CTSC	1	97	2		99	1		1	1	100
CTSD	37	58	5		96	4		1	1	99
CTTN	85	11	4		1	100		84	1	16
CUL1	15	85	1		58	42		76	2	22
CUL2	73	27	1		99	1		83	1	16
CUL3	12	88	1		89	11		91	1	9
CUL4A	56	44	1		81	19		71	2	26
CUL4B	32	68	1		76	24		62	1	38
CUL5	90	10	1		96	4		91	1	9
CUTA	96	4	1		100	1		91	1	9
CWC22	37	63	1		1	100		1	100	1
CWF19L1	54	46	1		68	32		68	3	30
CYB5B	8	57	34		91	9		1	2	98
CYB5R1	1	73	27		76	24		1	54	46
CYB5R3	2	95	2		99	1		3	16	81
CYC1	1	86	13		56	44		1	28	72
CYCS	60	4	36		55	45		23	19	58
CYFIP1	14	85	1		70	30		84	1	16
DAD1	12	82	6		72	28		1	33	67
DAK	69	31	1		98	2		98	1	2
DAP3	1	86	14		100	1		1	54	46
DARS	50	46	4		87	13		83	1	17
DARS2	5	75	20		55	45		1	8	92
DAZAP1	50	44	6		25	75		12	40	48
DBI	95	5	1		1	100		85	1	15
DBN1	88	12	1		2	98		1	100	1
DBNL	96	4	1		1	100		39	1	61
DBR1	81	19	1		100	1		57	1	43
DBT	1	86	14		92	8		1	31	69
DCAKD	1	87	13		100	1		1	1	100
DCK	97	1	3		98	2		100	1	1
DCP1A	85	15	1		38	62		1	1	100
DCPS	78	21	1		100	1		73	1	27
DCTN1	59	40	1		80	20		86	1	14
DCTN2	49	50	1		80	20		76	1	24
DCTN4	95	5	1		89	11		93	1	7
DCTPP1	66	34	1		100	1		84	1	16
DCUN1D1	14	86	1		80	20		85	1	14
DDB1	35	65	1		51	49		55	20	25
DDI2	81	18	1		99	1		92	1	8
DDOST	9	88	2		53	47		4	16	80
DDRGK1	22	72	6		66	34		1	1	100
DDT	100	1	1		100	1		80	2	18
DDX1	46	52	2		34	66		50	30	20
DDX10	1	100	1		56	44		1	100	1
DDX17	24	75	1		3	97		8	81	12
DDX18	2	98	1		1	100		1	100	1
DDX19A	36	64	1		80	20		85	1	15
DDX20	94	6	1		18	82		72	9	19
DDX21	5	95	1		1	100		3	95	2
DDX24	6	94	1		100	1		1	100	1
DDX27	15	77	8		4	96		1	100	1
DDX3X	42	54	4		32	68		47	36	17
DDX41	8	92	1		1	100		1	97	3
DDX42	6	94	1		19	81		1	65	35
DDX46	3	94	3		1	99		8	48	44
DDX47	3	97	1		1	100		5	75	20
DDX49	10	88	1		1	100		2	92	6
DDX5	8	91	1		2	98		10	78	13
DDX50	1	99	1		1	100		1	100	1
DDX51	5	94	1		4	96		1	100	1
DDX52	1	100	1		1	100		1	100	1
DDX54	2	96	2		1	100		1	100	1
DDX55	8	92	1		1	100		1	69	31
DDX56	17	73	10		2	98		1	100	1
DDX6	70	29	1		41	59		85	2	14
DECR1	1	55	44		59	41		1	13	87
DEGS1	4	95	1		100	1		50	50	1
DEK	1	98	1		1	100		1	69	30
DENND4C	92	8	1		100	1		81	1	19
DENR	22	78	1		30	70		84	1	16
DERA	76	24	1		100	1		87	3	11
DERL1	6	88	6		84	16		1	1	100
DFFA	74	26	1		100	1		82	1	18
DHCR7	10	75	14		100	1		2	3	95
DHODH	5	54	41		94	6		1	1	100
DHRS4	1	12	88		90	10		1	1	100
DHRS7	8	87	5		100	1		1	1	100
DHRS7B	8	81	11		1	100		1	18	82
DHTKD1	8	47	45		100	1		1	1	100
DHX15	26	74	1		30	70		32	41	26
DHX29	96	1	4		57	43		62	9	29
DHX30	23	55	21		47	53		12	59	29
DHX36	61	38	1		29	71		58	29	13
DHX8	1	100	1		1	100		1	96	4
DIABLO	22	54	25		94	6		1	11	89
DIAPH1	69	31	1		99	1		88	1	12
DIDO1	16	83	1		1	100		1	100	1
DIP2B	8	87	5		1	100		77	1	23
DIS3	16	83	1		29	71		62	7	31
DKC1	18	82	1		1	100		1	100	1
DLAT	1	78	22		99	1		1	3	97
DLD	1	45	55		85	15		4	16	80
DLG1	2	60	38		37	63		39	9	52
DLST	3	53	44		78	22		1	5	95
DNAJA1	47	49	4		67	33		48	11	42
DNAJA2	40	55	5		72	28		41	7	52
DNAJA3	2	68	30		20	80		1	66	34
DNAJB1	99	1	1		65	35		73	3	24
DNAJB11	1	1	100		80	20		1	16	84
DNAJB12	7	75	18		77	23		1	1	100
DNAJB6	60	37	3		57	43		15	36	49
DNAJC10	5	39	56		67	33		1	74	26
DNAJC11	1	79	20		1	99		1	82	18
DNAJC17	6	91	3		41	59		25	11	64
DNAJC19	1	14	86		51	49		1	1	100
DNAJC2	1	100	1		61	39		96	1	4
DNAJC3	20	77	3		68	32		1	34	66
DNAJC7	54	45	1		86	14		77	2	21
DNAJC8	42	58	1		37	63		32	31	37
DNAJC9	10	89	1		97	3		74	1	25
DNM1L	48	51	1		100	1		93	1	7
DNMT1	1	99	1		1	99		27	37	36
DNPEP	84	16	1		98	2		2	1	98
DOCK7	56	42	2		1	100		87	1	13
DOHH	100	1	1		100	1		66	1	34
DOLPP1	1	99	1		100	1		1	1	100
DPF2	1	100	1		1	100		1	75	25
DPH5	100	1	1		100	1		92	1	8
DPM1	6	91	2		95	5		1	10	90
DPP3	78	22	1		100	1		89	1	11
DPP9	75	25	1		100	1		87	1	13
DPY30	13	87	1		7	93		100	1	1
DPYSL2	70	30	1		97	3		86	1	14
DR1	52	48	1		80	20		73	14	14
DRAP1	36	64	1		89	11		45	34	21
DRG1	51	42	6		69	31		72	3	25
DRG2	42	58	1		100	1		81	1	19
DST	37	60	3		19	81		87	11	2
DSTN	99	1	1		49	51		85	2	13
DTD1	51	49	1		46	54		72	1	28
DTYMK	93	3	5		100	1		56	1	44
DUS3L	100	1	1		100	1		36	1	64
DYNC1H1	24	76	1		44	56		88	1	11
DYNC1I2	12	87	1		75	25		91	1	9
DYNC1LI1	22	47	31		70	30		92	1	8
DYNC1LI2	40	60	1		71	29		82	1	18
DYNLL1	35	65	1		70	30		79	5	15
DYNLL2	25	73	2		48	52		42	25	34
DYNLT1	11	89	1		85	15		95	1	5
DYSF	9	55	36		95	5		100	1	1
EARS2	9	46	45		100	1		1	1	100
EBNA1BP2	2	97	1		1	100		1	100	1
ECH1	3	70	27		92	8		1	3	96
ECHS1	2	47	51		99	1		1	14	86
ECM29	61	39	1		98	2		88	1	12
EDC3	77	21	2		1	100		77	1	23
EDC4	68	32	1		6	94		64	3	33
EDF1	100	1	1		7	93		63	7	30
EED	1	99	1		3	97		1	99	1
EEF1A1	36	63	1		71	29		69	3	28
EEF1D	72	28	1		77	23		1	100	1
EEF1E1	54	44	2		78	22		74	3	23
EEF1G	36	64	1		74	26		67	1	32
EEF2	55	43	2		85	15		82	2	17
EEFSEC	52	46	1		65	35		20	1	80
EFHD2	84	16	1		86	14		90	1	10
EFTUD1	86	14	1		96	4		90	1	10
EFTUD2	8	92	1		2	98		45	36	19
EHD1	12	87	2		95	5		93	1	7
EHD4	11	87	2		92	8		89	1	11
EIF1	100	1	1		67	33		94	2	4
EIF1AX	62	37	1		60	40		64	7	28
EIF2A	82	17	1		67	33		1	100	1
EIF2B1	79	21	1		97	3		75	1	25
EIF2B2	75	25	1		97	3		76	1	24
EIF2B4	97	3	1		94	6		83	1	17
EIF2B5	74	25	1		92	8		85	1	15
EIF2S1	41	59	1		1	100		63	9	28
EIF2S2	39	59	2		69	31		59	12	29
EIF3A	73	27	1		75	25		74	3	23
EIF3B	71	29	1		66	34		76	2	22
EIF3C	68	31	1		61	39		100	1	1
EIF3D	70	29	1		62	38		68	1	30
EIF3E	72	27	1		70	30		58	2	40
EIF3G	88	12	1		68	32		62	3	36
EIF3I	67	32	1		67	33		69	3	28
EIF3K	64	36	1		63	37		75	3	21
EIF3M	61	39	1		67	33		79	1	19
EIF4A1	52	47	1		100	1		78	2	20
EIF4A3	7	92	1		29	71		41	18	41
EIF4B	99	1	1		80	20		80	2	18
EIF4E	69	30	1		71	29		67	4	29
EIF4E2	99	1	1		21	79		80	1	19
EIF4G1	58	39	2		75	25		5	1	95
EIF4G2	57	42	1		62	38		72	1	27
EIF4H	96	1	4		94	6		79	1	20
EIF5	52	48	1		97	3		76	3	21
EIF5A	62	36	2		77	23		71	3	27
EIF5B	52	47	1		73	27		65	3	32
EIF6	47	53	1		60	40		30	56	14
ELAC2	47	47	5		100	1		71	1	29
ELAVL1	15	84	1		12	88		8	88	4
ELMO2	33	33	33		57	43		100	1	1
ELMOD2	1	98	2		100	1		1	1	100
ELOVL1	14	82	5		99	1		1	1	100
ELP2	92	8	1		100	1		88	1	12
ELP3	92	8	1		98	2		96	1	4
ELP4	52	47	1		100	1		100	1	1
EMD	11	86	3		48	52		1	78	22
EMG1	21	79	1		3	97		14	75	11
EML4	65	34	1		90	10		82	1	18
ENDOG	1	1	100		14	86		1	1	100
ENO1	73	27	1		98	2		71	1	28
ENOPH1	68	32	1		100	1		91	1	9
ENY2	3	97	1		12	88		1	43	57
EP400	1	100	1		6	94		1	100	1
EPB41L2	26	67	7		86	14		76	1	24
EPHX1	17	79	4		100	1		1	3	97
EPRS	53	42	4		86	14		81	1	18
EPS15	76	24	1		100	1		33	1	67
EPS15L1	12	64	24		38	62		67	1	33
ERAP1	14	80	6		100	1		1	1	99
ERC1	92	1	8		92	8		89	1	11
ERGIC1	3	89	8		99	1		1	14	85
ERGIC2	4	89	7		100	1		1	1	100
ERH	5	94	1		1	99		11	83	6
ERLIN1	12	80	8		40	60		1	1	100
ERLIN2	11	83	5		31	69		1	5	95
ERMP1	21	66	13		93	7		1	5	95
ERO1L	23	71	6		98	2		4	15	81
ERP29	31	50	19		95	5		28	4	68
ERP44	16	75	9		96	4		1	3	97
ESD	77	23	1		100	1		76	1	24
ETF1	36	63	1		82	18		72	2	26
ETFA	1	54	45		99	1		1	6	93
ETFB	5	54	41		98	2		14	21	65
ETFDH	1	16	84		98	2		1	1	100
ETHE1	1	1	100		99	1		1	1	100
EWSR1	54	45	1		1	100		45	10	44
EXOC1	4	95	1		19	81		87	1	13
EXOC2	11	88	1		10	90		84	1	16
EXOC3	6	90	4		29	71		98	1	2
EXOC4	9	89	2		21	79		92	1	8
EXOC5	6	93	1		74	26		100	1	1
EXOC6	3	95	2		1	100		100	1	1
EXOC7	1	98	1		13	87		100	1	1
EXOC8	9	83	8		13	87		100	1	1
EXOSC10	5	95	1		1	99		1	100	1
EXOSC2	29	71	1		50	50		9	79	12
EXOSC3	19	81	1		14	86		1	99	1
EXOSC4	47	53	1		23	77		16	72	12
EXOSC5	21	78	1		20	80		1	100	1
EXOSC6	42	57	1		20	80		1	99	1
EXOSC7	22	78	1		20	80		1	93	7
EXOSC8	43	57	1		13	87		1	97	3
EXOSC9	9	90	1		18	82		17	76	8
EZR	20	75	5		89	11		86	1	13
FABP5	89	11	1		98	2		98	1	2
FAF1	1	100	1		100	1		92	1	8
FAF2	9	79	12		94	6		1	11	89
FAH	73	27	1		100	1		86	1	14
FAHD1	1	78	22		98	2		16	2	82
FAM107B	33	33	33		75	25		68	1	32
FAM114A2	67	31	2		100	1		85	1	15
FAM129A	70	29	1		100	1		71	1	29
FAM136A	14	16	70		97	3		1	1	100
FAM162A	1	78	22		99	1		1	29	71
FAM3C	1	91	9		100	1		1	1	100
FAM49B	57	43	1		99	1		77	1	23
FAM50A	45	54	1		81	19		36	1	63
FAM65A	55	40	5		100	1		100	1	1
FAM91A1	85	15	1		51	49		56	1	44
FAM96B	100	1	1		100	1		80	1	20
FAM98A	69	30	2		36	64		60	33	7
FAM98B	6	94	1		22	78		1	69	31
FANCI	27	72	1		31	69		76	4	21
FARS2	1	21	79		100	1		1	16	84
FARSA	57	42	1		50	50		91	2	8
FARSB	57	41	2		52	48		73	3	25
FASN	74	26	1		99	1		92	1	7
FAU	67	32	1		71	29		77	8	15
FAU	67	32	1		71	29		77	8	15
FBL	7	93	1		1	100		1	100	1
FBXO22	33	33	33		100	1		64	1	34
FCF1	1	100	1		1	100		1	100	1
FDPS	68	31	1		100	1		72	1	28
FEN1	30	69	1		45	55		61	2	37
FH	16	64	20		100	1		40	1	60
FIBP	22	78	1		80	20		45	1	55
FIP1L1	6	93	1		1	100		1	100	1
FIS1	31	49	20		96	4		62	6	33
FKBP15	96	1	4		18	82		90	1	10
FKBP2	93	1	7		99	1		13	2	86
FKBP3	100	1	1		30	70		84	2	14
FKBP4	73	27	1		97	3		86	1	13
FKBP5	60	40	1		88	12		57	1	42
FKBP8	3	81	16		76	24		1	1	100
FLII	84	16	1		88	12		74	5	22
FLNA	44	53	3		28	72		77	2	21
FLNB	78	21	1		32	68		66	9	26
FLOT1	13	62	26		10	90		1	63	37
FLOT2	12	72	17		8	92		1	94	6
FMNL2	1	1	100		1	100		97	1	3
FMR1	76	22	2		7	93		46	53	1
FNDC3B	1	1	100		1	100		1	1	100
FNTA	84	16	1		100	1		97	1	3
FOXRED1	1	39	61		71	29		1	1	100
FSCN1	69	30	1		99	1		87	1	12
FTH1	69	14	16		99	1		62	13	25
FTSJ3	4	96	1		1	100		1	100	1
FUBP1	11	88	1		85	15		60	7	33
FUNDC2	2	38	60		100	1		1	4	96
FUS	57	39	4		3	97		13	76	11
FXN	1	6	94		100	1		1	1	100
FXR2	100	1	1		3	97		25	53	23
FYTTD1	1	100	1		1	100		1	100	1
G3BP1	60	37	4		100	1		78	9	14
G3BP2	60	38	3		26	74		73	14	12
GAA	56	1	44		100	1		1	1	100
GABARAPL2	100	1	1		100	1		28	19	52
GABPA	8	92	1		32	68		1	1	100
GADD45GIP1	7	1	93		75	25		1	21	79
GALE	94	6	1		100	1		86	1	14
GALK1	65	26	9		100	1		86	1	14
GALNT1	1	1	100		29	71		1	1	100
GALNT2	2	94	4		75	25		1	1	98
GANAB	19	41	40		1	100		9	3	88
GAPDH	67	32	1		100	1		77	1	23
GAR1	18	81	1		1	100		1	100	1
GARS	67	29	4		100	1		91	1	9
GART	72	27	1		99	1		83	1	17
GBAS	2	76	22		71	29		1	59	41
GCDH	5	65	30		100	1		1	1	100
GCLM	100	1	1		100	1		75	1	25
GDI1	67	33	1		97	3		87	1	13
GDI2	61	39	1		100	1		76	1	24
GEMIN5	85	4	10		87	13		79	2	19
GFM1	1	68	31		100	1		1	1	99
GFM2	1	1	100		100	1		1	1	100
GFPT1	73	26	1		100	1		88	1	12
GGH	26	68	6		72	28		4	1	96
GHITM	9	1	91		86	14		100	1	1
GIGYF2	64	21	15		54	46		28	1	72
GIT1	84	14	3		97	3		100	1	1
GLB1	97	1	3		99	1		1	37	63
GLG1	6	82	12		67	33		1	10	89
GLO1	70	29	1		99	1		85	1	15
GLRX3	80	19	1		100	1		78	1	22
GLRX5	1	50	50		100	1		1	1	100
GLS	93	1	7		99	1		1	1	100
GLUD1	3	71	26		70	30		2	5	93
GMDS	82	18	1		100	1		77	1	23
GMFB	79	21	1		100	1		81	1	19
GMPPB	99	1	1		100	1		72	1	28
GMPS	60	40	1		72	28		81	1	18
GNA13	1	91	9		90	10		17	1	82
GNAI2	12	78	10		33	67		62	38	1
GNAI3	11	75	14		27	73		35	53	12
GNAS	24	66	9		23	77		61	26	13
GNAS	24	66	9		23	77		61	26	13
GNAS	24	66	9		23	77		61	26	13
GNAS	24	66	9		23	77		61	26	13
GNB1	12	75	12		49	51		57	39	4
GNB2	7	72	20		47	53		4	60	36
GNB2L1	53	45	2		63	37		69	6	25
GNL1	85	15	1		100	1		90	1	10
GNL2	1	97	1		1	100		1	95	5
GNL3	3	96	1		1	100		4	90	6
GNL3L	18	82	1		1	100		1	98	2
GNPDA1	93	7	1		100	1		79	1	21
GNPNAT1	21	79	1		76	24		87	1	13
GOLGA2	5	81	15		29	71		1	8	92
GOLGA3	93	6	1		54	46		95	1	5
GOLGA7	4	56	41		13	87		11	49	41
GOLPH3	8	91	1		99	1		55	9	35
GOLT1B	2	93	5		100	1		1	1	100
GORASP2	39	61	1		83	17		31	1	69
GOSR1	5	88	6		39	61		1	1	100
GOT1	69	31	1		100	1		76	1	24
GOT2	2	69	30		99	1		8	9	82
GPATCH4	3	97	1		1	100		1	99	1
GPD1L	78	21	1		100	1		78	1	22
GPI	66	33	1		100	1		91	1	9
GPN1	20	80	1		100	1		88	1	12
GPS1	70	30	1		94	6		80	1	19
GRHPR	52	43	4		100	1		91	1	9
GRPEL1	1	28	71		100	1		1	4	96
GRSF1	7	45	48		87	13		1	14	86
GRWD1	33	67	1		21	79		3	94	3
GSK3A	59	39	2		62	38		10	1	90
GSPT1	48	52	1		99	1		89	1	11
GSR	78	11	11		98	2		82	1	17
GSS	57	40	3		99	1		83	1	17
GSTK1	1	1	100		93	7		9	2	89
GSTM1	74	26	1		99	1		100	1	1
GSTP1	64	36	1		98	2		100	1	1
GSTZ1	87	6	7		100	1		90	1	10
GTF2A2	100	1	1		91	9		44	23	33
GTF2B	1	100	1		79	21		43	10	47
GTF2E1	64	36	1		25	75		70	1	30
GTF2F1	30	70	1		21	79		20	29	50
GTF2I	1	99	1		22	78		28	15	56
GTF3C2	1	99	1		1	100		31	69	1
GTF3C4	3	91	6		11	89		9	63	28
GTPBP1	100	1	1		82	18		93	1	7
GTPBP3	1	68	32		100	1		1	87	13
GTPBP4	8	92	1		1	100		1	98	1
GUK1	44	1	56		100	1		82	1	18
HADH	3	97	1		99	1		1	1	100
HADHA	5	62	33		88	12		1	22	77
HADHB	1	45	55		90	10		1	19	81
HAGH	1	1	100		99	1		82	1	18
HARS	56	43	1		96	4		82	1	18
HARS2	1	29	71		98	2		1	1	100
HAT1	71	29	1		99	1		60	1	40
HAX1	1	52	48		100	1		1	1	100
HBS1L	52	44	4		93	7		100	1	1
HCCS	1	54	45		100	1		1	1	100
HCFC1	2	98	1		4	96		2	61	37
HDAC1	5	95	1		6	94		1	91	9
HDAC2	5	95	1		5	95		16	70	13
HDDC2	94	5	1		99	1		48	1	52
HDGF	44	56	1		97	3		64	1	36
HDGFRP2	73	27	1		8	92		30	1	69
HDHD2	87	13	1		1	100		80	1	20
HDLBP	50	39	11		22	78		72	1	28
HEATR5B	94	6	1		95	5		93	1	7
HERC4	91	9	1		100	1		95	1	5
HEXA	45	54	1		98	2		1	1	100
HEXB	1	92	8		98	2		4	1	96
HEXIM1	22	78	1		92	8		41	1	59
HGS	52	25	23		99	1		71	1	29
HIBADH	2	63	34		100	1		1	19	81
HIBCH	1	1	100		100	1		5	1	95
HINT1	100	1	1		99	1		75	1	25
HINT2	1	78	22		100	1		4	46	50
HIP1R	3	43	54		18	82		84	1	16
HIST1H1B	1	98	2		2	98		1	98	2
HIST1H1C	1	98	1		1	99		1	98	1
HIST1H1E	1	100	1		2	98		1	98	2
HK1	14	69	17		21	79		1	1	100
HK2	41	52	7		53	47		26	1	74
HLTF	33	33	33		1	100		1	1	100
HM13	15	74	11		100	1		1	1	100
HMBS	100	1	1		100	1		80	1	20
HMG20A	16	84	1		1	100		1	100	1
HMGB1	25	73	2		32	68		64	13	23
HMGB2	21	76	3		14	86		67	20	13
HMGB3	6	93	1		14	86		73	3	24
HMGCL	12	39	49		100	1		1	1	100
HMOX1	12	82	6		95	5		1	2	98
HMOX2	13	85	2		99	1		1	1	100
HN1	33	33	33		100	1		75	1	25
HN1L	1	96	4		100	1		81	1	19
HNRNPA0	12	87	1		5	95		2	90	8
HNRNPA1	30	66	4		6	94		8	81	11
HNRNPA2B1	30	66	4		1	100		4	93	3
HNRNPA3	49	48	3		2	98		1	100	1
HNRNPAB	30	69	1		1	100		5	86	9
HNRNPC	12	88	1		1	100		4	95	1
HNRNPD	51	48	1		1	100		25	8	67
HNRNPF	18	81	1		33	67		28	50	22
HNRNPH1	14	84	1		23	77		11	73	16
HNRNPH2	5	95	1		8	92		1	100	1
HNRNPK	27	72	1		22	78		35	57	9
HNRNPL	12	87	1		4	96		3	97	1
HNRNPM	1	100	1		1	100		7	79	14
HNRNPU	23	76	1		28	72		9	81	10
HNRNPUL1	16	83	1		17	83		1	83	17
HNRNPUL2	14	86	1		10	90		1	100	1
HP1BP3	1	99	1		1	100		1	100	1
HS1BP3	33	33	33		98	2		73	1	27
HS2ST1	1	96	4		1	100		1	100	1
HSD17B10	4	68	27		83	17		3	22	75
HSD17B11	6	89	5		64	36		1	10	90
HSD17B12	13	86	1		91	9		1	1	100
HSD17B4	20	67	13		34	66		1	7	93
HSD17B7	4	87	10		100	1		1	1	100
HSD17B8	8	1	92		91	9		1	3	97
HSDL1	1	41	59		100	1		1	1	100
HSDL2	9	53	38		95	5		1	2	97
HSP90AA1	60	40	1		95	5		83	1	16
HSP90AB1	64	36	1		96	4		81	1	19
HSP90B1	24	65	11		98	2		10	9	81
HSPA13	8	89	3		99	1		1	1	100
HSPA14	45	52	3		70	30		78	1	22
HSPA4	60	40	1		99	1		67	1	32
HSPA5	19	71	10		94	6		18	15	67
HSPA8	1	99	1		66	34		67	4	29
HSPA9	1	61	38		91	9		9	10	81
HSPB1	68	32	1		91	9		85	2	13
HSPBP1	55	45	1		100	1		81	3	16
HSPD1	2	67	30		96	4		25	18	58
HSPE1	7	10	84		97	3		13	5	82
HSPH1	62	38	1		99	1		78	1	21
HTATSF1	4	95	1		7	93		1	49	51
HTRA2	10	53	38		80	20		1	11	89
HTT	92	8	1		100	1		95	1	5
HUWE1	75	23	2		99	1		89	1	11
HYOU1	20	72	8		99	1		3	2	95
HYPK	55	45	1		98	2		97	1	3
IARS	48	50	3		91	9		79	1	20
IARS2	1	78	21		100	1		1	2	98
ICAM1	10	79	11		99	1		34	2	65
ICT1	1	44	56		82	18		1	14	86
IDE	90	8	1		100	1		84	1	16
IDH1	77	22	1		100	1		75	1	25
IDH2	3	58	39		98	2		1	1	100
IDH3A	1	73	26		99	1		6	5	89
IDH3G	1	65	35		100	1		1	1	100
IDI1	56	39	4		100	1		88	1	12
IFI30	72	1	28		95	5		50	50	1
IGBP1	100	1	1		100	1		78	1	22
IGF2BP2	96	1	4		68	32		1	100	1
IGF2BP3	85	14	1		79	21		52	13	35
IGF2R	36	53	11		81	19		1	5	95
IGSF8	13	52	35		100	1		1	1	100
IK	8	92	1		1	100		1	98	2
IKBKAP	85	14	1		100	1		83	1	16
ILF2	20	80	1		15	85		10	78	12
ILF3	26	73	1		1	100		2	92	6
ILK	24	76	1		81	19		1	100	1
ILKAP	6	94	1		34	66		81	1	19
ILVBL	4	94	2		100	1		1	1	100
IMMT	1	60	39		4	96		1	13	87
IMP3	3	97	1		1	100		1	99	1
IMP4	13	87	1		1	100		1	100	1
IMPA1	92	8	1		100	1		85	1	15
IMPAD1	1	96	3		100	1		1	1	100
IMPDH2	94	6	1		88	12		82	3	15
INTS2	1	100	1		1	100		1	100	1
INTS3	1	99	1		1	100		7	31	62
INTS4	1	97	2		1	100		1	100	1
INTS6	1	97	2		1	100		1	92	8
INTS7	25	62	14		44	56		84	1	16
IPO11	100	1	1		100	1		82	1	18
IPO4	53	47	1		98	2		93	1	6
IPO5	62	37	2		99	1		87	2	11
IPO7	60	39	1		97	3		77	3	20
IPO9	77	23	1		100	1		88	1	12
IQGAP1	69	31	1		99	1		84	1	15
IQGAP2	98	1	2		95	5		1	100	1
IREB2	75	25	1		100	1		88	1	12
ISCA2	1	1	100		97	3		1	1	100
ISOC1	56	43	1		100	1		87	1	13
ITGA5	5	85	10		98	2		1	1	100
ITGB1	6	83	11		99	1		7	6	88
ITPA	73	27	1		99	1		77	1	23
ITPR1	11	85	4		6	94		1	18	81
ITPR3	1	98	2		1	100		1	1	100
ITSN2	24	7	69		42	58		50	50	1
IVD	1	23	77		99	1		1	1	100
IWS1	19	81	1		2	98		1	1	100
JAGN1	6	83	11		100	1		1	1	100
JAK1	1	49	51		93	7		36	1	64
JMJD6	40	60	1		99	1		20	1	80
KARS	44	50	6		81	19		76	1	23
KCMF1	85	15	1		100	1		1	1	100
KDM3B	19	81	1		56	44		1	1	100
KDSR	1	93	7		100	1		1	1	100
KHDRBS1	16	83	1		1	99		8	80	12
KHSRP	6	94	1		81	19		41	15	44
KIAA0020	3	97	1		1	100		1	100	1
KIAA0196	97	3	1		54	46		86	1	14
KIAA1033	92	2	6		38	62		85	1	15
KIAA1429	1	100	1		1	100		1	100	1
KIAA2013	1	97	3		25	75		1	1	100
KIF2A	8	91	1		1	100		45	30	25
KIF5B	76	22	2		97	3		83	1	17
KLC2	100	1	1		1	100		95	1	5
KPNA1	26	74	1		54	46		64	28	8
KPNA2	26	74	1		65	35		66	18	15
KPNA3	20	80	1		70	30		78	5	17
KPNA4	17	83	1		61	39		39	47	14
KPNA6	30	70	1		86	14		91	1	8
KPNB1	30	70	1		62	38		71	12	18
KRAS	9	80	11		57	43		21	62	17
KRI1	1	100	1		3	97		1	100	1
KRR1	6	94	1		1	100		1	99	1
KRTCAP2	1	98	2		1	100		1	27	73
KTI12	1	100	1		100	1		100	1	1
KTN1	15	65	20		1	100		1	13	87
L2HGDH	1	19	81		100	1		1	1	100
LACTB	1	69	30		16	84		1	100	1
LACTB2	93	1	7		100	1		97	1	3
LAGE3	83	17	1		100	1		95	1	5
LAMP1	33	40	27		99	1		1	7	92
LAMP2	41	54	5		100	1		1	22	78
LANCL1	24	76	1		100	1		81	1	19
LANCL2	22	77	1		95	5		66	1	34
LAP3	45	49	6		98	2		86	1	14
LARP1	68	27	6		56	44		85	1	14
LARP4	43	39	18		79	21		70	6	24
LARP7	17	82	1		8	92		1	100	1
LARS	54	44	2		91	9		77	1	23
LARS2	1	48	51		100	1		1	1	100
LAS1L	1	99	1		1	100		1	100	1
LASP1	100	1	1		19	81		72	1	28
LBR	2	97	2		11	89		1	1	100
LCLAT1	6	89	5		100	1		1	1	100
LDHA	66	34	1		99	1		76	1	23
LDHB	65	34	1		99	1		68	1	30
LEMD2	11	87	3		17	83		1	100	1
LEO1	1	100	1		1	100		1	100	1
LEPRE1	27	55	18		100	1		1	53	47
LETM1	1	68	31		98	2		1	5	95
LGALS1	47	52	1		94	6		28	58	15
LGMN	98	1	2		100	1		1	1	100
LIG1	63	36	1		100	1		37	1	63
LIG3	1	100	1		1	100		1	90	10
LIMS1	39	61	1		90	10		100	1	1
LIN7C	1	1	100		69	31		29	15	57
LIPA	46	53	1		99	1		1	1	100
LMAN1	11	84	6		99	1		1	1	100
LMAN2	10	86	4		98	2		1	2	97
LMF2	4	62	34		91	9		50	50	1
LMNA	8	92	1		1	100		3	91	6
LMNB1	1	98	1		1	100		1	100	1
LMNB2	3	96	1		1	100		1	100	1
LONP1	3	72	25		99	1		1	22	77
LPCAT1	5	91	4		99	1		1	2	98
LPGAT1	6	93	1		67	33		1	1	100
LRPAP1	17	37	46		99	1		1	1	100
LRPPRC	1	71	29		99	1		3	16	81
LRRC40	30	70	1		98	2		84	1	16
LRRC47	81	19	1		65	35		73	1	27
LRRC57	1	76	24		96	4		89	1	11
LRRC59	22	74	4		32	68		1	17	82
LRRC8A	1	1	100		22	78		1	1	100
LRWD1	1	100	1		1	100		1	100	1
LSG1	8	81	11		70	30		1	27	73
LSM1	76	24	1		75	25		93	1	7
LSM12	100	1	1		44	56		47	39	14
LSM2	33	67	1		56	44		62	20	18
LSM3	36	64	1		32	68		75	5	19
LSS	10	84	6		100	1		1	2	98
LTA4H	70	29	1		98	2		76	1	24
LUC7L	9	91	1		1	100		1	83	17
LUC7L2	22	77	1		12	88		30	39	30
LYAR	3	97	1		1	100		1	100	1
LYN	8	84	8		38	62		82	18	1
LYPLA1	61	31	8		100	1		67	1	33
LYPLA2	48	51	1		100	1		1	1	100
LYRM4	11	1	89		80	20		1	1	100
LZIC	81	19	1		100	1		49	1	51
M6PR	37	58	4		99	1		1	1	100
MACF1	21	42	37		21	79		99	1	1
MAD1L1	10	90	1		1	100		1	14	86
MAD2L1	50	50	1		19	81		96	1	4
MAGT1	12	79	10		51	49		1	20	80
MAK16	1	100	1		1	100		1	100	1
MAN2B1	41	51	8		95	5		1	1	100
MAP1S	62	38	1		84	16		86	1	14
MAP2K1	44	56	1		100	1		76	1	24
MAP2K2	90	7	3		100	1		90	1	10
MAP2K3	39	61	1		100	1		76	1	24
MAP2K4	76	24	1		100	1		69	1	31
MAP2K7	1	100	1		85	15		1	1	100
MAP4	61	38	1		52	48		74	1	26
MAP4K4	34	58	7		8	92		75	1	25
MAP7D1	67	31	1		43	57		100	1	1
MAPK1	36	64	1		96	4		75	1	24
MAPK14	83	16	1		100	1		84	1	16
MAPK3	39	60	1		98	2		1	1	100
MAPK8	93	7	1		100	1		100	1	1
MAPRE1	30	70	1		84	16		83	1	16
MARCKS	31	62	7		100	1		86	1	14
MARCKSL1	33	52	14		100	1		73	1	27
MARS	54	43	2		89	11		80	1	20
MAT2A	69	31	1		99	1		72	1	28
MAT2B	89	11	1		98	2		71	2	27
MATR3	4	96	1		3	97		3	93	4
MBD3	1	100	1		1	100		1	1	100
MBOAT7	11	83	6		62	38		1	1	100
MCAT	1	26	74		1	100		1	100	1
MCCC1	6	64	30		100	1		1	1	100
MCCC2	1	63	37		98	2		1	10	90
MCM2	33	67	1		92	8		38	30	32
MCM3	27	72	1		82	18		29	43	28
MCM3AP	4	96	1		1	100		1	100	1
MCM4	33	67	1		92	8		37	1	62
MCM5	23	75	1		86	14		28	35	37
MCM6	28	72	1		94	6		39	20	41
MCM7	34	66	1		85	15		44	33	23
MCTS1	16	82	3		42	58		88	1	12
MDH1	60	40	1		99	1		75	1	25
MDH2	5	63	32		93	7		12	10	79
ME2	1	70	29		98	2		1	1	100
MED16	1	99	1		9	91		1	100	1
MED17	1	99	1		1	100		1	100	1
MED6	1	100	1		1	100		1	100	1
MED8	1	100	1		1	100		1	100	1
MESDC2	50	1	50		97	3		1	1	100
METAP1	88	11	1		50	50		7	93	1
METAP2	58	41	1		92	8		93	1	7
MFN1	3	28	69		82	18		1	1	100
MFSD10	4	95	1		80	20		1	1	100
MGEA5	78	20	2		100	1		80	1	20
MGST3	1	98	2		20	80		7	8	85
MIA3	11	69	21		99	1		1	1	100
MIF	76	24	1		98	2		80	3	17
MINA	1	99	1		1	100		1	72	28
MIPEP	1	54	46		100	1		1	1	100
MLEC	8	86	6		76	24		1	7	93
MLH1	1	100	1		100	1		36	1	64
MMGT1	18	71	11		27	73		1	9	91
MMS19	77	23	1		100	1		85	1	15
MOGS	10	86	4		37	63		1	11	89
MON2	100	1	1		100	1		91	1	9
MORF4L1	2	98	1		1	100		1	89	11
MORF4L2	13	86	1		1	100		1	89	11
MOSPD2	11	81	8		100	1		1	1	100
MOV10	99	1	1		85	15		80	11	10
MPG	1	99	1		1	100		12	76	12
MPHOSPH10	1	95	4		1	100		1	100	1
MPP1	1	1	100		84	16		37	1	63
MPST	53	43	4		49	51		80	1	20
MPV17	1	92	8		100	1		100	1	1
MRE11A	1	99	1		4	96		69	18	12
MRI1	86	14	1		100	1		81	1	19
MRPL1	1	36	64		94	6		1	5	95
MRPL10	1	24	76		91	9		1	74	26
MRPL11	6	7	87		93	7		1	54	46
MRPL13	5	50	44		98	2		1	42	58
MRPL14	1	1	100		83	17		1	22	78
MRPL15	1	75	25		98	2		1	9	91
MRPL16	3	51	46		89	11		1	16	84
MRPL17	1	31	69		98	2		1	42	58
MRPL18	1	21	79		100	1		1	1	100
MRPL19	4	51	46		91	9		1	60	40
MRPL2	1	40	60		83	17		1	75	25
MRPL20	1	27	72		100	1		1	27	73
MRPL21	1	58	42		94	6		1	2	98
MRPL22	4	29	67		96	4		1	43	57
MRPL23	1	67	33		89	11		1	35	65
MRPL24	1	64	36		72	28		1	1	100
MRPL27	1	16	84		94	6		1	1	100
MRPL28	1	69	31		82	18		1	26	74
MRPL3	5	64	31		97	3		1	100	1
MRPL37	27	47	26		96	4		1	5	95
MRPL38	11	58	31		98	2		1	2	98
MRPL39	1	46	54		97	3		1	32	68
MRPL4	1	91	9		98	2		1	21	79
MRPL40	1	1	100		100	1		1	7	92
MRPL41	1	55	45		90	10		1	10	90
MRPL43	2	1	98		96	4		1	84	16
MRPL44	1	86	13		98	2		1	14	86
MRPL45	1	41	58		88	12		1	27	73
MRPL46	2	50	47		84	16		1	35	65
MRPL47	1	51	48		99	1		1	1	100
MRPL48	1	79	21		95	5		1	27	73
MRPL49	70	1	30		87	13		1	26	74
MRPL50	1	1	100		94	6		1	2	98
MRPL53	1	38	62		95	5		1	57	43
MRPL9	4	40	56		90	10		1	40	60
MRPS10	1	1	100		100	1		1	24	76
MRPS11	1	37	63		95	5		1	9	91
MRPS14	3	32	65		100	1		1	2	98
MRPS15	1	50	50		100	1		1	15	85
MRPS16	1	31	69		100	1		1	64	36
MRPS17	1	70	30		100	1		1	27	73
MRPS18A	1	25	74		77	23		100	1	1
MRPS18B	4	1	95		100	1		1	72	28
MRPS2	1	51	49		83	17		1	94	6
MRPS21	1	57	43		91	9		100	1	1
MRPS22	4	35	61		1	100		1	31	69
MRPS23	17	67	16		100	1		1	48	52
MRPS25	1	6	94		97	3		1	29	71
MRPS26	1	24	76		100	1		1	7	93
MRPS27	1	72	28		95	5		1	36	64
MRPS28	1	1	100		93	7		1	57	43
MRPS30	1	54	46		100	1		1	1	100
MRPS31	1	23	77		100	1		1	68	32
MRPS33	1	17	83		82	18		1	8	92
MRPS35	1	54	46		95	5		1	1	100
MRPS6	1	39	61		98	2		1	29	71
MRPS7	1	3	97		92	8		1	42	58
MRPS9	6	61	33		96	4		1	37	63
MRRF	1	6	92		1	99		1	19	81
MRTO4	25	75	1		17	83		1	100	1
MSH2	4	95	1		42	58		39	6	56
MSH6	6	94	1		71	29		52	1	47
MSN	22	68	10		92	8		81	2	17
MTA1	1	100	1		1	100		1	100	1
MTA2	4	94	2		1	99		1	85	15
MTCH2	1	1	100		30	70		1	7	93
MTDH	12	78	10		36	64		1	17	83
MTHFD1	56	42	3		68	32		83	1	17
MTHFD1L	1	37	62		61	39		1	1	100
MTHFD2	3	66	31		12	88		1	3	97
MTIF2	6	43	51		100	1		1	13	87
MTMR14	36	63	1		100	1		90	1	10
MTPAP	4	43	52		38	62		1	92	8
MTPN	82	18	1		100	1		72	2	26
MTX1	1	64	35		52	48		1	1	100
MTX2	1	57	42		1	100		1	10	90
MVD	71	29	1		100	1		78	1	22
MVP	66	32	2		94	6		49	9	42
MYBBP1A	1	99	1		1	100		1	93	6
MYCBP	6	89	5		73	27		83	1	17
MYH10	50	37	14		85	15		71	15	13
MYH9	74	26	1		91	9		84	2	15
MYL6	77	22	1		86	14		76	5	19
MYO18A	93	2	5		100	1		1	100	1
MYO1C	17	74	10		1	100		66	21	14
MYO1E	86	14	1		99	1		77	6	17
MYO9B	78	8	13		99	1		1	1	100
MYOF	18	53	29		98	2		5	1	95
NACA	55	44	1		100	1		71	1	28
NACA	55	44	1		100	1		71	1	28
NAMPT	73	27	1		99	1		89	1	11
NAP1L1	65	35	1		100	1		85	1	15
NAP1L4	76	24	1		95	5		82	2	17
NAPA	19	77	5		97	3		29	7	65
NARS	63	37	1		100	1		89	1	10
NASP	60	40	1		99	1		73	2	25
NAT10	1	98	1		1	100		1	100	1
NCAPD3	2	98	1		1	100		1	1	100
NCAPH	35	64	1		100	1		85	1	15
NCBP1	8	92	1		3	97		37	31	33
NCBP2	17	83	1		6	94		24	74	2
NCL	44	56	1		1	100		15	57	28
NCLN	8	85	7		68	32		1	1	99
NCOA5	1	100	1		1	100		1	100	1
NCSTN	55	40	5		99	1		5	8	88
NDNL2	4	95	1		1	100		1	100	1
NDRG3	100	1	1		100	1		4	1	96
NDUFA10	1	55	45		43	57		1	34	66
NDUFA11	2	89	8		54	46		1	5	95
NDUFA12	11	40	50		56	44		1	1	100
NDUFA13	1	86	14		100	1		1	14	86
NDUFA2	1	1	100		27	73		1	92	8
NDUFA4	1	65	35		82	18		1	14	85
NDUFA5	1	10	90		46	54		3	18	79
NDUFA6	3	24	74		57	43		1	1	100
NDUFA7	1	1	100		55	45		1	1	100
NDUFA8	1	1	99		36	64		1	30	70
NDUFA9	1	85	15		59	41		1	30	70
NDUFAB1	2	73	25		61	39		1	1	100
NDUFAF2	1	38	62		44	56		1	1	100
NDUFB10	1	1	100		36	64		1	11	89
NDUFB11	1	90	10		53	47		1	1	100
NDUFB3	1	68	32		67	33		1	1	100
NDUFB4	6	51	43		57	43		1	11	89
NDUFB5	3	59	37		74	26		1	18	82
NDUFB6	1	78	22		55	45		1	10	90
NDUFB7	1	50	50		54	46		1	1	100
NDUFB8	3	90	7		42	58		1	1	100
NDUFB9	1	84	15		44	56		1	7	93
NDUFC2	1	47	53		69	31		1	1	100
NDUFS1	1	77	22		48	52		1	22	78
NDUFS2	1	76	23		59	41		1	28	72
NDUFS3	1	62	38		39	61		1	9	91
NDUFS5	1	7	93		45	55		1	1	100
NDUFS7	4	65	31		39	61		1	29	71
NDUFS8	1	84	16		37	63		1	25	75
NDUFV1	1	69	31		51	49		1	51	49
NDUFV2	1	54	46		38	62		1	42	58
NEDD4	74	26	1		100	1		89	1	11
NEDD8	64	36	1		86	14		85	1	15
NFKB1	50	49	1		89	11		91	1	9
NFS1	1	54	46		95	5		1	1	100
NFU1	1	71	29		100	1		1	1	100
NFYB	1	100	1		11	89		1	100	1
NFYC	14	86	1		17	83		58	42	1
NGDN	1	100	1		1	100		1	100	1
NHP2L1	100	1	1		8	92		15	82	3
NIF3L1	60	39	1		100	1		69	1	31
NIP7	1	99	1		1	100		1	100	1
NIPBL	29	70	1		1	100		1	99	1
NIPSNAP1	2	79	19		78	22		1	81	19
NIT1	74	24	2		100	1		86	1	14
NIT2	87	10	3		100	1		78	1	22
NLE1	26	74	1		70	30		75	13	12
NLN	25	1	75		80	20		83	1	17
NMD3	14	83	3		77	23		89	4	7
NME1	64	33	3		98	2		87	1	13
NME2	74	26	1		100	1		1	100	1
NMT1	68	30	2		74	26		87	2	11
NNT	1	78	22		92	8		1	60	40
NOB1	43	56	1		100	1		46	1	54
NOC2L	1	100	1		1	100		1	99	1
NOC3L	1	100	1		1	100		1	100	1
NOC4L	1	99	1		1	100		1	100	1
NOL10	1	99	1		1	100		1	100	1
NOL11	1	84	16		1	100		1	99	1
NOL6	3	97	1		1	100		1	100	1
NOL7	3	97	1		1	100		1	100	1
NOL8	11	89	1		1	100		1	100	1
NOL9	1	99	1		1	100		1	100	1
NONO	6	92	3		1	99		6	85	8
NOP14	1	100	1		1	100		1	100	1
NOP16	11	89	1		1	100		1	99	1
NOP2	2	97	1		1	100		1	99	1
NOP56	7	92	1		1	100		1	100	1
NOP58	12	87	1		1	100		1	99	1
NOSIP	100	1	1		40	60		28	8	64
NPC1	1	94	6		100	1		1	1	100
NPEPPS	72	26	2		100	1		78	1	22
NPLOC4	15	79	5		81	19		47	1	52
NPM1	21	78	1		4	96		7	77	16
NPM3	15	85	1		3	97		9	87	4
NPTN	8	77	16		100	1		1	3	97
NRAS	7	92	1		100	1		46	1	54
NRBP1	76	24	1		99	1		85	1	15
NRD1	90	10	1		100	1		78	1	22
NSDHL	9	85	7		100	1		1	7	92
NSF	9	84	6		97	3		20	2	78
NSFL1C	89	11	1		97	3		71	1	29
NSUN2	69	30	2		95	5		64	1	35
NSUN4	1	48	52		67	33		1	76	24
NSUN5	2	97	1		1	99		7	52	41
NT5C	1	1	100		100	1		97	1	3
NT5C2	94	6	1		98	2		90	1	10
NUB1	62	38	1		100	1		84	1	16
NUBP1	98	2	1		100	1		72	1	28
NUBP2	100	1	1		1	100		97	1	3
NUCB1	18	66	16		98	2		1	1	100
NUDC	78	20	1		98	2		70	1	30
NUDCD1	60	39	1		99	1		86	1	14
NUDCD3	100	1	1		100	1		82	1	18
NUDT2	70	30	1		100	1		92	1	8
NUDT21	1	99	1		14	86		22	49	29
NUDT5	68	32	1		100	1		79	1	21
NUFIP2	97	1	3		35	65		68	1	32
NUP107	1	99	1		1	99		1	96	4
NUP133	2	98	1		3	97		2	93	5
NUP155	1	99	1		6	94		55	14	31
NUP160	1	99	1		1	99		8	88	4
NUP188	1	99	1		1	99		47	27	26
NUP210	2	97	2		2	98		1	83	17
NUP214	17	82	1		3	97		1	98	2
NUP35	1	100	1		1	100		1	92	8
NUP37	8	92	1		3	97		32	60	8
NUP43	2	98	1		10	90		1	97	3
NUP50	21	79	1		34	66		1	100	1
NUP54	2	98	1		3	97		1	100	1
NUP62	8	92	1		7	93		3	46	51
NUP85	1	99	1		1	100		1	98	2
NUP88	4	94	2		6	94		3	88	9
NUP93	7	92	1		2	98		23	65	12
NUPL1	3	96	1		8	92		1	100	1
NUTF2	54	46	1		99	1		1	1	100
NVL	1	100	1		1	100		1	100	1
NXF1	1	98	1		5	95		1	98	1
OAT	1	79	20		100	1		1	1	100
OCIAD1	1	83	17		61	39		1	39	61
OGDH	1	56	44		79	21		1	7	93
OGFR	90	10	1		97	3		68	1	32
OGT	9	91	1		25	75		57	25	18
OLA1	74	26	1		98	2		79	2	19
OPA1	1	58	40		94	6		1	9	91
OSBP	74	25	1		98	2		90	1	10
OSBPL9	33	33	33		100	1		92	1	8
OSTC	1	100	1		45	55		1	3	97
OSTF1	68	32	1		96	4		88	1	12
OTUB1	63	37	1		100	1		100	1	1
OTUD6B	33	33	33		92	8		63	1	37
OXCT1	1	41	58		98	2		4	6	90
OXSR1	62	38	1		98	2		94	1	5
P4HA1	17	73	10		99	1		1	55	45
P4HB	19	67	14		97	3		22	19	59
PA2G4	55	42	3		63	37		72	3	25
PABPC1	79	18	3		52	48		72	8	20
PABPN1	4	96	1		25	75		1	91	8
PACS1	11	89	1		83	17		76	1	24
PACSIN2	52	46	2		82	18		86	1	14
PAF1	3	97	1		1	100		1	81	19
PAFAH1B1	62	37	1		92	8		78	1	22
PAFAH1B2	72	28	1		99	1		92	1	7
PAFAH1B3	73	27	1		100	1		89	1	10
PAICS	62	37	1		100	1		1	100	1
PAK1IP1	8	92	1		21	79		1	94	6
PAK2	70	30	1		97	3		91	1	9
PANK4	90	10	1		98	2		89	1	11
PAPOLA	38	62	1		99	1		71	1	29
PARG	43	57	1		98	2		70	1	30
PARK7	86	13	1		99	1		76	1	24
PARN	3	96	1		18	82		1	100	1
PARP1	3	97	1		1	100		28	40	32
PATL1	93	5	2		41	59		84	1	16
PBRM1	1	100	1		1	100		1	100	1
PCBP1	26	73	1		63	37		75	5	19
PCCB	1	71	29		98	2		1	1	100
PCID2	8	92	1		16	84		69	14	17
PCK2	1	71	28		100	1		1	5	95
PCMT1	80	11	9		95	5		64	9	27
PCNA	39	61	1		83	17		65	13	22
PCNP	100	1	1		74	26		98	1	1
PCYOX1	1	99	1		97	3		1	7	93
PCYOX1L	1	99	1		97	3		1	15	85
PDAP1	97	3	1		83	17		82	1	18
PDCD10	28	69	3		61	39		81	2	17
PDCD11	1	99	1		1	100		1	100	1
PDCD4	55	45	1		80	20		86	1	13
PDCD5	100	1	1		97	3		77	1	23
PDCD6	42	57	1		98	2		36	33	32
PDCD6IP	70	29	1		99	1		54	1	46
PDCL3	90	10	1		100	1		88	1	12
PDE12	42	39	19		97	3		55	1	45
PDHA1	1	42	57		99	1		1	8	92
PDHB	1	59	41		99	1		2	11	88
PDHX	12	38	50		98	2		1	23	77
PDIA3	21	75	4		89	11		18	12	70
PDIA4	21	63	16		98	2		7	10	83
PDIA6	15	81	4		96	4		8	10	83
PDK1	1	1	100		92	8		1	1	100
PDK3	3	71	26		79	21		1	1	100
PDLIM5	99	1	1		64	36		67	1	32
PDPR	1	79	20		100	1		1	1	100
PDS5A	1	98	1		1	100		25	14	62
PDS5B	1	100	1		1	100		2	92	6
PDXDC1	75	14	11		100	1		89	1	11
PEBP1	74	25	1		99	1		76	1	23
PEF1	50	50	1		100	1		43	36	21
PELO	9	84	6		31	69		59	7	34
PELP1	1	97	3		1	99		5	91	4
PEPD	88	12	1		98	2		87	1	13
PES1	8	91	1		2	98		2	91	7
PEX11B	21	63	16		91	9		1	1	100
PEX14	36	42	22		100	1		1	1	100
PEX16	10	69	20		77	23		1	1	100
PFAS	79	21	1		100	1		83	1	16
PFDN1	100	1	1		97	3		78	1	22
PFDN2	94	5	1		93	7		71	5	25
PFDN5	90	10	1		99	1		82	1	18
PFDN6	100	1	1		95	5		69	1	31
PFKL	53	44	2		95	5		98	1	2
PFKM	54	44	2		98	2		90	1	10
PFKP	53	46	1		99	1		90	1	10
PFN1	87	13	1		97	3		86	1	14
PGAM1	72	27	1		98	2		87	1	13
PGD	68	32	1		99	1		78	1	22
PGK1	61	38	1		98	2		73	1	27
PGLS	76	24	1		99	1		94	1	6
PGM1	72	28	1		99	1		89	1	10
PGM3	94	1	6		100	1		91	1	9
PGP	99	1	1		100	1		79	1	21
PGRMC1	14	82	4		90	10		1	3	97
PGRMC2	20	77	4		87	13		1	17	83
PHAX	100	1	1		100	1		33	4	63
PHB	1	73	26		35	65		5	21	75
PHB2	1	72	27		54	46		1	15	84
PHF6	36	64	1		1	100		1	100	1
PHGDH	67	33	1		98	2		87	1	12
PHPT1	33	33	33		100	1		88	1	12
PI4K2A	41	53	6		99	1		1	3	95
PICALM	1	71	28		28	72		55	1	45
PIGK	1	100	1		51	49		1	11	89
PIGS	1	98	1		66	34		1	2	98
PIK3C3	100	1	1		79	21		73	1	27
PIK3R4	90	10	1		67	33		86	1	14
PIN1	100	1	1		89	11		78	1	22
PIP4K2B	1	96	4		51	49		100	1	1
PIP4K2C	26	68	5		88	12		100	1	1
PITPNA	74	25	1		100	1		83	1	17
PITPNB	78	21	1		100	1		74	1	26
PITRM1	4	61	34		97	3		1	1	100
PKN1	70	30	1		99	1		100	1	1
PLAA	54	45	1		100	1		86	1	14
PLCB3	30	70	1		99	1		67	1	33
PLOD1	23	61	17		71	29		6	50	45
PLOD3	8	79	13		68	32		1	57	43
PLP2	32	1	68		100	1		44	1	56
PLRG1	1	100	1		1	100		1	100	1
PLS1	57	42	1		51	49		98	1	2
PLS3	62	37	1		61	39		79	1	20
PLXNB2	1	49	51		100	1		42	1	58
PML	3	97	1		5	95		1	100	1
PMPCA	1	57	43		98	2		1	11	89
PMPCB	2	64	34		100	1		1	3	97
PMVK	87	13	1		97	3		80	1	20
PNN	2	96	2		1	100		1	100	1
PNO1	12	87	1		1	100		22	68	10
PNPLA6	10	88	2		73	27		1	1	100
PNPT1	2	61	38		100	1		1	19	81
POFUT1	20	78	2		100	1		1	1	100
POGZ	1	98	1		1	100		1	100	1
POLA1	90	10	1		84	16		64	1	36
POLA2	69	31	1		57	43		15	1	85
POLD1	75	25	1		99	1		50	1	50
POLD3	100	1	1		100	1		76	1	24
POLDIP2	1	72	27		99	1		1	5	95
POLDIP3	1	100	1		1	100		1	100	1
POLR1A	5	95	1		1	100		1	100	1
POLR1B	4	96	1		1	100		3	96	1
POLR1E	1	97	3		1	100		1	100	1
POLR2A	10	90	1		4	96		15	78	7
POLR2B	41	59	1		13	87		25	65	10
POLR2C	48	52	1		22	78		13	80	8
POLR2E	79	21	1		6	94		3	87	9
POLR2H	58	42	1		7	93		62	23	15
POLR3B	25	75	1		100	1		1	1	100
POLRMT	4	14	82		89	11		1	15	85
POR	11	82	7		100	1		5	15	80
PPA1	66	34	1		100	1		73	1	26
PPA2	4	69	27		100	1		5	1	95
PPAN	1	97	3		1	100		1	100	1
PPCS	92	8	1		100	1		76	1	24
PPIA	70	30	1		100	1		79	2	19
PPIB	40	37	23		26	74		8	54	38
PPID	82	18	1		96	4		67	1	33
PPIF	1	6	94		69	31		1	59	41
PPIG	1	99	1		1	99		1	100	1
PPIH	66	34	1		31	69		34	39	28
PPIL1	33	67	1		20	80		19	52	29
PPIL2	27	73	1		1	100		1	100	1
PPIL4	18	82	1		36	64		1	87	13
PPM1A	71	29	1		100	1		1	1	100
PPM1B	84	16	1		100	1		100	1	1
PPM1G	58	42	1		99	1		60	1	40
PPME1	70	29	1		100	1		73	1	27
PPOX	1	47	53		100	1		1	1	100
PPP1CA	21	78	2		1	100		67	26	7
PPP1CB	17	81	2		38	62		35	9	56
PPP1CC	20	78	2		49	51		61	19	19
PPP1R10	1	99	1		1	100		1	99	1
PPP1R12A	1	1	100		14	86		72	5	23
PPP1R14B	68	32	1		100	1		83	1	17
PPP1R7	87	13	1		100	1		91	1	9
PPP1R8	29	71	1		28	71		1	100	1
PPP2CA	47	53	1		100	1		70	2	28
PPP2R1A	47	52	1		75	25		89	2	9
PPP2R1B	84	16	1		67	33		92	1	7
PPP2R2A	73	26	1		97	3		73	1	25
PPP2R4	76	24	1		100	1		85	1	15
PPP2R5A	100	1	1		100	1		50	1	50
PPP2R5C	29	71	1		28	72		100	1	1
PPP2R5E	72	28	1		100	1		52	1	48
PPP3CA	35	65	1		96	4		77	3	20
PPP3R1	15	83	3		100	1		1	1	100
PPP4C	40	60	1		76	24		1	15	85
PPP4R1	100	1	1		100	1		82	1	18
PPP4R2	52	48	1		66	34		1	1	100
PPP5C	78	22	1		97	3		89	1	11
PPP6C	83	17	1		98	2		82	1	16
PPT1	68	27	5		100	1		1	1	100
PPWD1	1	100	1		28	72		4	91	5
PRCP	60	39	1		97	3		1	1	100
PRDX1	64	35	2		91	9		69	3	28
PRDX3	2	74	24		96	4		5	8	87
PRDX4	16	78	6		99	1		19	17	64
PRDX5	79	9	12		98	2		81	1	18
PRDX6	65	35	1		98	2		83	1	16
PREB	7	89	4		90	10		1	1	100
PREP	82	18	1		100	1		92	1	8
PRKAA1	41	59	1		98	2		86	1	14
PRKACA	33	65	2		95	5		66	8	26
PRKAG1	41	46	13		100	1		67	1	33
PRKAR1A	94	6	1		98	2		78	2	20
PRKAR2A	51	35	13		68	32		50	5	45
PRKCSH	18	72	10		100	1		2	2	96
PRKDC	4	96	1		1	99		38	30	32
PRKRA	99	1	1		57	43		55	1	45
PRMT1	43	57	1		73	27		54	8	38
PRMT5	76	23	1		99	1		77	2	22
PROSC	100	1	1		96	4		94	1	6
PRPF19	6	93	1		2	98		7	81	11
PRPF3	6	93	1		100	1		1	87	13
PRPF31	12	88	1		10	90		1	100	1
PRPF38A	9	91	1		1	100		1	97	3
PRPF38B	1	99	1		1	100		1	30	70
PRPF4	10	90	1		1	99		1	89	10
PRPF40A	1	100	1		1	100		1	96	4
PRPF4B	5	95	1		1	100		1	100	1
PRPF6	3	96	1		1	100		1	100	1
PRPF8	6	94	1		1	100		2	96	2
PRPS1	66	33	1		100	1		80	1	19
PRPS2	54	46	1		100	1		77	1	23
PRPSAP1	99	1	1		100	1		83	1	17
PRPSAP2	80	20	1		99	1		71	1	29
PRUNE	100	1	1		99	1		100	1	1
PSAP	55	36	8		100	1		1	1	100
PSAT1	69	31	1		100	1		77	1	23
PSIP1	60	38	2		3	97		6	90	4
PSMA1	75	25	1		96	4		64	3	32
PSMA2	59	41	1		96	4		59	1	41
PSMA3	53	47	1		92	8		78	1	21
PSMA4	57	43	1		95	5		73	2	25
PSMA5	50	50	1		93	7		78	1	21
PSMA6	71	29	1		92	8		75	1	24
PSMA7	53	47	1		93	7		82	1	17
PSMB1	54	46	1		96	4		62	1	37
PSMB2	51	49	1		94	6		80	1	20
PSMB3	40	60	1		97	3		64	3	33
PSMB4	53	47	1		96	4		65	5	30
PSMB5	58	41	1		99	1		64	5	31
PSMB6	43	55	3		96	4		63	8	29
PSMB7	62	37	1		100	1		56	1	44
PSMC1	63	37	1		93	7		73	1	26
PSMC2	59	40	1		95	5		63	1	36
PSMC3	68	32	1		95	5		64	6	31
PSMC4	69	29	1		95	5		66	1	33
PSMC5	74	25	1		94	6		65	2	33
PSMC6	75	25	1		92	8		76	1	24
PSMD1	53	47	1		95	5		74	1	26
PSMD11	47	53	1		97	3		69	2	29
PSMD12	52	48	1		95	5		68	1	32
PSMD13	48	52	1		93	7		1	100	1
PSMD14	56	44	1		96	4		67	6	27
PSMD2	56	44	1		96	4		76	1	23
PSMD3	60	39	1		97	3		86	2	13
PSMD5	66	32	2		100	1		77	1	22
PSMD6	48	52	1		90	10		59	3	38
PSMD7	45	55	1		94	6		77	1	23
PSMD8	44	56	1		91	9		65	10	24
PSMD9	92	1	8		97	3		93	1	7
PSME1	53	47	1		100	1		86	1	14
PSME2	60	40	1		97	3		86	1	14
PSME3	54	46	1		97	3		71	4	25
PSME4	95	5	1		100	1		70	1	30
PSMG1	53	47	1		100	1		80	1	20
PSMG2	88	11	1		100	1		82	1	18
PSPC1	13	87	1		2	98		18	37	45
PSPH	34	59	8		96	4		85	1	15
PTBP1	15	83	1		16	84		52	37	12
PTCD3	1	67	33		96	4		1	56	44
PTDSS1	2	88	9		7	93		1	1	100
PTGES2	4	65	31		99	1		1	14	86
PTGES3	60	40	1		88	12		85	1	15
PTMA	34	63	3		98	2		99	1	1
PTMS	83	17	1		100	1		86	1	14
PTP4A2	7	81	12		1	100		63	1	37
PTPMT1	1	54	46		72	28		1	39	61
PTPN1	5	89	6		89	11		1	8	92
PTPN23	62	35	3		100	1		89	1	11
PTPRJ	1	1	100		100	1		24	1	76
PTRH2	3	85	12		87	13		1	11	88
PTTG1IP	1	94	6		99	1		1	1	100
PUM1	57	14	28		42	58		43	5	52
PURA	89	3	8		65	35		37	30	33
PURB	68	1	32		57	43		1	1	100
PUS1	23	49	28		98	2		17	5	78
PWP1	4	95	1		75	25		3	96	1
PWP2	1	100	1		1	100		1	100	1
PXN	34	49	17		100	1		94	1	6
PYCR2	1	69	30		60	40		1	3	97
PYGB	80	19	1		99	1		89	1	11
QDPR	86	12	2		100	1		85	1	15
QTRT1	51	46	3		100	1		22	1	78
QTRTD1	86	1	14		100	1		14	1	86
RAB10	18	64	18		98	2		32	1	67
RAB11B	25	68	7		99	1		38	9	53
RAB13	10	85	4		53	47		56	3	41
RAB14	26	70	4		97	3		10	2	87
RAB18	11	85	4		100	1		8	28	64
RAB1A	16	76	8		99	1		47	23	30
RAB1B	23	68	9		96	4		11	1	89
RAB21	14	78	8		94	6		35	6	58
RAB24	1	94	6		100	1		1	1	100
RAB27A	7	87	7		97	3		1	1	100
RAB2A	13	85	2		97	3		9	9	82
RAB31	34	59	7		98	2		5	4	91
RAB35	9	69	23		52	48		51	9	40
RAB3D	27	1	73		99	1		1	1	100
RAB3GAP1	77	23	1		100	1		56	1	44
RAB3GAP2	64	21	16		99	1		75	1	25
RAB5A	21	75	5		90	10		65	2	33
RAB5B	7	54	39		89	11		42	4	54
RAB5C	22	72	7		89	11		58	10	32
RAB6A	27	69	4		100	1		1	5	95
RAB7A	16	80	4		96	4		19	16	65
RAB8A	9	67	24		94	6		34	4	63
RAB8B	2	69	29		95	5		1	1	100
RAB9A	29	67	4		100	1		37	13	50
RABEP1	15	85	1		100	1		98	1	2
RABEP2	92	8	1		97	3		1	1	100
RABGAP1	100	1	1		100	1		95	1	5
RABGGTA	98	2	1		99	1		96	1	4
RAC1	58	34	8		88	12		70	9	20
RAD21	2	98	1		1	100		1	92	8
RAD23B	89	11	1		80	20		74	3	24
RAD50	3	97	1		2	98		34	39	27
RAE1	1	96	4		10	90		1	99	1
RALA	5	84	10		65	35		48	7	46
RALB	1	1	100		90	10		26	1	74
RALY	14	86	1		3	97		1	100	1
RAN	37	62	1		87	13		79	6	15
RANBP1	72	25	3		97	3		84	2	14
RANBP2	1	99	1		2	98		2	97	1
RANBP3	50	46	3		98	2		41	1	59
RANGAP1	14	85	1		23	77		56	26	18
RAP1A	8	85	7		77	23		97	1	3
RAP1B	13	75	12		91	9		1	33	66
RAP2B	1	98	2		84	16		66	1	34
RAP2C	6	81	13		73	27		44	25	31
RARS	46	51	3		84	16		73	1	26
RARS2	20	46	34		100	1		1	1	100
RAVER1	8	91	1		1	100		1	73	27
RBBP4	18	82	1		1	100		19	74	7
RBBP7	25	75	1		18	82		58	3	39
RBM12	42	58	1		95	5		24	1	76
RBM14	1	97	2		1	100		1	100	1
RBM17	1	99	1		1	100		1	100	1
RBM19	1	95	5		1	100		1	99	1
RBM25	1	98	1		1	100		1	93	7
RBM26	2	97	1		1	100		19	3	78
RBM27	2	98	1		1	100		1	1	100
RBM3	87	13	1		4	96		1	90	10
RBM39	6	94	1		3	97		9	67	24
RBM42	5	95	1		1	100		1	100	1
RBM5	4	96	1		8	92		1	100	1
RBM8A	69	31	1		14	86		34	55	11
RBMX	25	74	1		2	98		3	97	1
RCC1	1	100	1		1	99		7	75	18
RCC2	11	88	1		20	80		59	23	17
RCL1	3	97	1		1	100		1	99	1
RCN1	19	72	9		100	1		1	4	96
RCN2	24	69	7		100	1		1	1	100
RDH11	10	80	11		100	1		1	1	100
RDH13	1	28	72		96	4		1	1	100
RDX	22	68	10		100	1		87	1	12
RECQL	29	71	1		6	94		46	7	47
REEP5	10	70	19		100	1		1	2	98
RELA	9	90	1		86	14		93	1	7
RER1	18	78	5		63	37		14	10	75
REXO2	76	21	3		100	1		63	1	37
RFC1	1	100	1		1	100		1	43	56
RFC2	19	80	1		8	92		20	49	32
RFC3	9	91	1		18	82		28	30	42
RFC4	33	67	1		12	88		34	36	30
RFC5	16	84	1		17	83		36	61	3
RFX1	1	100	1		1	100		1	100	1
RHEB	37	61	2		100	1		52	1	48
RHOA	45	48	7		98	2		77	4	20
RHOG	20	66	14		97	3		36	9	56
RHOT1	6	51	43		77	23		1	89	11
RHOT2	3	63	34		91	9		1	13	87
RIC8A	80	20	1		100	1		93	1	7
RIF1	3	97	1		1	100		1	100	1
RMND1	1	17	83		57	43		1	11	89
RNASEH2B	56	44	1		69	31		1	1	100
RNF2	1	99	1		3	97		1	100	1
RNH1	69	31	1		99	1		78	1	22
RNMT	33	67	1		46	54		1	79	19
RNMTL1	1	17	83		1	100		1	1	100
RNPEP	68	32	1		99	1		84	1	16
RNPS1	6	94	1		1	100		1	98	2
ROCK1	78	22	1		97	3		84	1	16
ROCK2	31	56	13		97	3		83	1	17
RP2	1	94	6		73	27		32	10	58
RPA1	58	42	1		67	33		41	26	34
RPA2	82	13	4		83	17		51	36	13
RPA3	1	100	1		86	14		37	19	45
RPAP1	97	3	1		100	1		99	1	1
RPAP3	83	17	1		83	17		90	1	10
RPE	100	1	1		100	1		72	1	28
RPL10	50	50	1		65	35		1	100	1
RPL10A	47	50	3		51	49		64	17	19
RPL11	67	27	5		37	63		57	17	26
RPL12	55	40	5		47	53		54	24	22
RPL13	45	51	4		45	55		75	8	18
RPL13A	43	54	3		36	64		81	1	18
RPL14	57	40	3		35	65		82	2	17
RPL15	38	56	6		39	61		87	2	11
RPL17	50	48	2		28	72		62	12	26
RPL18	47	50	3		31	69		59	1	39
RPL18A	42	53	5		40	60		68	6	27
RPL19	38	56	5		29	71		79	3	18
RPL21	52	44	4		13	87		79	4	17
RPL22	95	1	5		44	56		69	14	16
RPL22L1	55	39	6		100	1		74	9	17
RPL23	49	46	4		57	43		67	16	17
RPL23A	49	48	3		25	75		62	11	27
RPL24	55	44	1		36	64		69	6	25
RPL26	47	43	10		35	65		54	15	31
RPL27	41	57	3		39	61		63	14	23
RPL27A	46	52	3		35	65		68	7	24
RPL28	41	50	9		40	60		66	4	30
RPL29	53	41	6		19	81		76	3	20
RPL3	43	52	5		45	55		59	5	36
RPL30	60	37	3		57	43		73	14	14
RPL31	36	57	6		44	56		68	18	14
RPL32	49	47	4		30	70		61	6	33
RPL34	38	51	11		49	51		66	6	28
RPL35	58	36	6		20	80		65	3	32
RPL35A	49	47	5		45	55		63	3	34
RPL36	54	43	3		35	65		82	1	17
RPL37A	35	62	4		60	40		81	5	14
RPL38	43	56	1		75	25		77	12	11
RPL4	43	55	2		44	56		62	2	35
RPL5	51	44	5		47	53		64	10	26
RPL6	49	46	6		34	66		66	1	33
RPL7	52	43	5		37	63		77	2	21
RPL7A	53	41	6		24	76		84	3	13
RPL7L1	1	100	1		56	44		1	100	1
RPL8	43	51	6		42	58		75	11	13
RPL9	48	50	3		42	58		61	6	32
RPLP0	46	47	6		53	47		81	3	16
RPLP1	73	26	1		51	49		95	1	5
RPLP2	56	42	2		41	59		98	1	1
RPN1	8	85	7		60	40		2	7	92
RPN2	11	85	4		65	35		1	26	73
RPP30	10	90	1		7	93		1	100	1
RPP38	82	18	1		1	100		1	100	1
RPRD1B	7	93	1		46	54		5	59	37
RPRD2	1	88	10		1	99		1	96	4
RPS10	48	51	1		50	50		79	6	14
RPS11	52	45	4		44	56		71	5	24
RPS12	92	5	3		50	50		67	12	21
RPS13	51	48	1		42	58		68	7	25
RPS14	74	25	1		46	54		63	16	21
RPS15	55	43	1		30	70		85	1	15
RPS15A	40	55	5		60	40		69	13	17
RPS16	58	40	2		61	39		66	13	21
RPS18	47	46	6		52	48		65	12	22
RPS19	68	28	3		48	52		73	10	17
RPS2	52	46	2		49	51		69	9	22
RPS20	75	23	2		46	54		71	4	24
RPS21	73	22	5		40	60		60	21	19
RPS23	49	43	8		54	46		65	2	33
RPS24	49	50	1		28	72		75	1	24
RPS25	46	50	3		38	62		62	21	18
RPS26	59	37	4		70	30		65	9	26
RPS27	60	35	5		71	29		90	1	9
RPS27A	33	58	9		39	61		33	47	21
RPS27L	67	32	1		69	31		69	16	15
RPS28	94	1	6		45	55		69	1	30
RPS3	52	44	3		1	100		71	9	20
RPS3A	47	50	3		49	51		54	15	31
RPS4X	48	49	2		41	59		67	13	20
RPS5	40	58	3		44	56		72	8	20
RPS6	45	54	1		41	59		75	6	19
RPS6KA1	75	25	1		91	9		88	1	12
RPS6KA3	75	25	1		98	2		84	1	16
RPS7	50	45	5		55	45		64	14	22
RPS8	53	45	2		36	64		85	2	13
RPS9	50	48	2		35	65		67	6	27
RPSA	44	55	2		56	44		65	8	28
RPTOR	100	1	1		40	60		99	1	1
RQCD1	52	47	1		27	73		71	1	28
RRAGC	76	23	1		47	53		50	1	50
RRAS2	9	66	24		36	64		46	4	50
RRBP1	8	35	58		16	84		1	11	89
RRM1	66	34	1		93	7		85	1	15
RRP1	1	100	1		1	100		1	100	1
RRP12	5	95	1		1	100		9	78	13
RRP15	1	100	1		1	100		1	99	1
RRP1B	1	100	1		1	100		1	100	1
RRP7A	1	100	1		1	100		1	100	1
RRP9	43	56	1		1	100		1	99	1
RRS1	1	99	1		1	100		1	100	1
RSU1	30	69	1		81	19		88	1	11
RTF1	90	5	5		12	88		29	32	40
RTN1	26	66	8		100	1		1	100	1
RTN3	19	78	3		100	1		3	9	88
RTN4	30	65	5		100	1		1	28	72
RUVBL1	58	42	1		30	70		56	22	23
RUVBL2	34	66	1		30	70		67	16	17
RXRB	1	95	5		62	38		100	1	1
S100A11	73	27	1		99	1		80	10	9
SAAL1	46	54	1		93	7		87	1	13
SACM1L	9	83	8		98	2		1	8	92
SAE1	69	31	1		100	1		68	1	32
SAFB	17	83	1		2	98		1	99	1
SAFB2	1	100	1		1	99		1	100	1
SAMM50	2	81	17		1	99		1	19	81
SARNP	9	91	1		5	95		12	79	9
SARS	68	32	1		97	3		92	1	7
SARS2	8	77	15		98	2		1	1	100
SART1	8	91	1		1	100		1	99	1
SART3	38	61	1		77	23		2	3	96
SBDS	91	6	2		45	55		70	1	29
SBNO1	82	16	2		100	1		51	1	49
SCAMP1	78	1	22		100	1		1	1	100
SCAMP2	33	59	8		99	1		1	1	100
SCAMP3	35	54	11		99	1		1	1	100
SCARB2	86	1	14		100	1		1	1	100
SCCPDH	1	1	100		95	5		1	1	100
SCFD1	13	83	4		78	22		45	1	55
SCO1	1	39	60		53	47		1	1	100
SCO2	1	49	51		100	1		1	100	1
SCP2	50	3	47		99	1		4	11	86
SCRIB	5	71	24		60	40		53	1	47
SCYL1	22	78	1		91	9		80	1	20
SCYL2	53	39	8		44	56		94	1	6
SDAD1	10	89	1		1	100		1	100	1
SDCBP	33	33	33		100	1		14	3	83
SDF2L1	17	50	32		78	22		1	50	50
SDHA	1	62	36		93	7		3	97	1
SDHB	1	31	69		88	12		1	3	96
SDHC	1	89	11		87	13		1	1	100
SEC11A	8	89	3		81	19		4	21	75
SEC11C	4	92	4		93	7		1	1	100
SEC13	24	75	1		62	38		67	14	19
SEC22B	6	89	5		94	6		6	13	81
SEC23A	56	38	5		96	4		88	1	12
SEC23B	30	68	2		94	6		88	1	12
SEC23IP	79	21	1		100	1		73	1	27
SEC24A	32	67	1		99	1		81	1	19
SEC31A	50	36	14		99	1		67	1	33
SEC61A1	10	74	16		46	54		1	2	98
SEC61B	12	79	9		69	31		1	1	100
SEC63	4	91	5		85	15		1	1	100
SEH1L	1	99	1		5	95		1	98	1
SEL1L	3	94	3		97	3		1	1	100
SENP1	2	98	1		1	100		1	100	1
SENP3	1	100	1		1	100		1	100	1
SEPHS1	11	89	1		75	25		60	1	40
SERBP1	81	15	4		6	94		1	11	88
SERPINB6	67	33	1		100	1		85	1	15
SERPINH1	22	73	6		100	1		16	6	78
SET	39	60	1		100	1		55	5	40
SETD3	76	22	2		86	14		76	1	24
SF1	25	73	2		1	100		31	36	33
SF3A1	5	95	1		2	98		11	58	32
SF3A2	14	86	1		1	99		5	84	11
SF3A3	4	96	1		3	97		13	78	9
SF3B1	4	96	1		1	99		5	81	14
SF3B3	14	85	1		3	97		32	39	28
SF3B4	4	96	1		3	97		26	42	32
SF3B5	14	86	1		3	97		1	100	1
SFN	65	33	2		49	51		86	1	13
SFPQ	5	93	2		1	99		48	27	25
SFXN1	1	66	34		91	9		1	21	79
SGPL1	8	83	10		41	59		1	1	100
SGTA	63	36	1		99	1		80	1	20
SH3BGRL	100	1	1		96	4		82	1	18
SH3GL1	64	36	1		95	5		66	1	34
SH3GLB1	68	30	3		99	1		58	1	42
SH3GLB2	85	15	1		99	1		100	1	1
SHC1	1	1	100		99	1		98	1	2
SIN3A	1	99	1		1	100		1	100	1
SKIV2L2	9	91	1		4	96		10	79	12
SKP1	29	70	1		55	45		59	14	27
SLC16A1	7	60	32		85	15		7	16	77
SLC1A4	3	64	33		100	1		1	1	100
SLC1A5	9	82	9		84	16		38	1	60
SLC25A10	1	70	30		82	18		1	100	1
SLC25A11	1	67	33		67	33		1	21	79
SLC25A12	1	86	14		1	100		1	38	62
SLC25A13	1	82	17		52	48		1	10	90
SLC25A22	9	63	28		90	10		1	15	85
SLC25A3	2	67	32		72	28		4	14	82
SLC25A4	10	79	12		77	23		1	43	57
SLC25A5	2	76	23		70	30		2	28	69
SLC27A4	1	95	5		86	14		1	1	100
SLC2A1	12	77	11		82	18		29	13	58
SLC30A1	1	64	36		100	1		54	2	44
SLC30A7	1	93	7		90	10		1	3	97
SLC35E1	14	83	2		66	34		1	1	100
SLC39A7	5	63	31		1	100		1	1	100
SLC3A2	8	85	7		100	1		1	10	90
SLC44A1	16	58	27		100	1		1	1	100
SLC4A2	1	88	10		91	9		1	1	100
SLC7A5	9	67	24		79	21		31	6	64
SLC9A3R1	69	20	11		90	10		60	1	39
SLIRP	1	4	96		93	7		6	11	83
SLK	100	1	1		100	1		82	1	18
SLTM	1	100	1		3	97		1	100	1
SMAD4	24	76	1		1	100		1	100	1
SMAP1	13	86	1		99	1		100	1	1
SMARCA4	1	100	1		1	100		1	94	6
SMARCA5	6	94	1		1	100		1	99	1
SMARCAD1	2	98	1		1	100		1	1	100
SMARCC1	1	99	1		1	100		1	79	21
SMARCD1	2	98	1		1	100		1	100	1
SMARCD2	1	100	1		1	100		1	100	1
SMARCE1	1	99	1		1	100		1	100	1
SMC1A	2	97	1		1	100		8	78	15
SMC2	19	80	1		42	58		80	1	19
SMC3	1	99	1		1	100		8	77	14
SMC4	18	81	2		42	58		84	2	14
SMCHD1	12	88	1		4	96		16	44	40
SMEK1	34	65	1		61	39		1	1	100
SMG1	33	33	33		92	8		99	1	1
SMN1	46	54	1		1	100		58	6	36
SMNDC1	100	1	1		1	99		19	56	26
SMPD4	1	100	1		100	1		1	98	2
SMS	62	38	1		100	1		82	1	18
SMU1	7	93	1		1	100		3	92	5
SMYD5	89	11	1		99	1		75	1	25
SNAP23	1	60	40		83	17		88	1	12
SNAP29	90	9	1		97	3		55	1	45
SNAPIN	100	1	1		92	8		85	1	15
SND1	29	54	17		31	69		66	5	29
SNRNP40	6	94	1		1	100		1	100	1
SNRNP70	8	91	1		1	100		2	97	1
SNRPA	8	90	2		3	97		1	98	2
SNRPA1	7	93	1		2	98		11	75	14
SNRPB2	6	93	1		3	97		5	85	10
SNRPD1	14	86	1		4	96		33	54	13
SNRPD2	12	87	1		5	95		15	75	9
SNRPD3	22	77	1		5	95		36	53	11
SNRPE	12	88	1		12	88		1	97	3
SNRPF	23	77	1		3	97		11	82	7
SNRPG	45	55	1		6	94		1	1	100
SNTB2	1	97	3		68	32		81	9	10
SNW1	66	34	1		2	98		2	84	14
SNX1	72	28	1		100	1		78	1	22
SNX2	76	23	1		99	1		83	1	17
SNX27	81	18	1		94	6		1	1	100
SNX4	33	33	33		100	1		86	1	14
SNX5	83	15	1		99	1		92	1	8
SNX6	67	33	1		98	2		68	1	32
SOAT1	2	89	9		36	64		1	1	100
SOD1	88	12	1		98	2		79	1	21
SOD2	1	59	41		99	1		5	1	95
SON	1	99	1		1	100		1	100	1
SPAG9	99	1	1		99	1		84	1	16
SPATA5	24	76	1		96	4		74	1	26
SPCS1	7	88	5		76	24		1	1	100
SPCS2	5	88	7		76	24		1	7	93
SPCS3	13	80	7		66	34		1	8	92
SPECC1	7	50	43		26	74		1	94	6
SPEN	1	100	1		1	100		1	100	1
SPG11	1	97	3		43	57		50	50	1
SPG20	96	1	4		100	1		81	1	19
SPG21	72	24	4		100	1		1	1	100
SPG7	32	66	3		12	88		1	1	100
SPR	50	48	2		100	1		91	1	9
SPRYD4	8	43	50		92	8		1	1	100
SPTAN1	21	71	8		3	97		30	59	11
SPTBN1	20	73	8		1	100		41	46	13
SPTLC1	6	84	10		100	1		1	1	100
SPTLC2	9	81	10		100	1		1	1	100
SQSTM1	51	45	4		94	6		32	46	22
SRBD1	1	100	1		1	100		1	95	5
SRGAP2	29	70	1		100	1		87	1	13
SRI	60	39	1		99	1		64	20	15
SRM	68	32	1		100	1		68	1	32
SRP54	18	78	4		43	57		74	1	26
SRP68	20	73	7		24	76		63	1	36
SRP9	99	1	1		45	55		53	28	20
SRPK1	20	80	1		8	92		80	12	8
SRPR	9	82	9		37	63		1	1	99
SRPRB	11	82	8		35	65		1	25	75
SRRT	10	90	1		2	98		5	71	25
SSB	50	50	1		84	16		60	3	37
SSBP1	2	72	26		43	57		4	62	34
SSR1	10	86	4		52	48		1	23	77
SSR3	4	95	1		35	65		1	10	90
SSR4	12	84	3		42	58		5	3	92
SSRP1	92	8	1		1	100		16	68	16
SSSCA1	95	5	1		93	7		81	1	19
SSU72	68	32	1		11	89		54	4	43
ST13	75	25	1		97	3		75	1	24
STAG2	1	99	1		1	100		5	90	4
STAM	100	1	1		100	1		82	1	18
STAT1	52	48	1		100	1		84	1	16
STAT3	51	49	1		100	1		81	1	19
STIM1	12	78	10		85	15		1	1	100
STIP1	86	13	2		92	8		66	1	33
STK10	18	79	3		88	12		78	1	22
STK24	31	67	2		55	45		71	1	29
STK4	73	27	1		91	9		100	1	1
STMN1	100	1	1		99	1		80	1	20
STOM	21	72	7		58	42		71	6	23
STOML2	1	68	31		38	62		1	12	88
STRAP	59	40	1		89	11		73	4	23
STRBP	7	92	1		5	95		1	100	1
STRN	86	1	14		9	91		1	1	100
STT3A	7	83	10		64	36		1	8	92
STT3B	3	93	4		53	47		1	1	100
STUB1	75	12	13		61	39		65	3	32
STX12	36	56	8		96	4		1	1	100
STX16	67	30	3		100	1		1	1	100
STX18	7	80	13		100	1		1	1	100
STX3	1	1	100		100	1		1	1	100
STX4	10	76	14		93	7		1	1	100
STX8	73	1	27		81	19		1	1	100
STXBP2	30	62	8		83	17		77	1	23
STXBP3	6	75	19		96	4		32	5	63
SUB1	78	22	1		16	84		9	44	47
SUCLA2	3	44	53		100	1		1	1	100
SUCLG1	2	11	87		99	1		1	1	100
SUCLG2	1	65	35		100	1		1	1	100
SUGT1	88	11	1		98	2		75	1	24
SUMF2	1	69	31		99	1		1	1	100
SUMO1	11	89	1		2	98		19	79	2
SUPT16H	97	1	1		1	99		24	28	48
SUPT5H	65	35	1		8	92		1	35	65
SUPT6H	36	64	1		3	97		1	86	14
SUPV3L1	1	62	38		33	67		9	40	50
SURF4	13	85	1		96	4		1	1	100
SUZ12	1	100	1		1	100		1	100	1
SWAP70	69	13	18		79	21		67	1	33
SYMPK	14	85	1		1	99		20	42	37
SYNCRIP	50	49	1		33	67		48	26	26
SYNE2	1	98	2		17	83		1	100	1
SYNJ2BP	1	66	34		82	18		1	1	100
SYPL1	17	82	1		99	1		1	1	100
TACC3	100	1	1		100	1		60	1	40
TAF2	1	100	1		1	100		1	100	1
TAF5	1	100	1		1	100		1	100	1
TAF6	1	100	1		1	100		1	100	1
TAGLN2	67	32	1		85	15		70	1	29
TALDO1	66	34	1		98	2		60	4	36
TAOK3	10	80	11		77	23		100	1	1
TARDBP	8	91	1		26	74		7	55	38
TARS	1	100	1		99	1		85	1	15
TARS2	4	42	55		86	14		1	4	96
TBC1D13	49	51	1		100	1		76	1	24
TBC1D15	79	20	1		100	1		91	1	9
TBCA	100	1	1		99	1		78	1	20
TBCB	84	8	8		100	1		87	1	13
TBCD	89	10	1		100	1		96	1	4
TBCE	100	1	1		100	1		97	1	3
TBL1X	1	100	1		1	100		1	14	86
TBL2	6	80	14		13	87		1	34	66
TBL3	1	100	1		1	100		1	100	1
TBP	1	100	1		1	100		1	100	1
TBRG4	1	59	41		98	2		2	1	98
TCEA1	56	37	7		40	60		52	10	38
TCEB1	39	60	1		83	17		88	1	12
TCEB2	35	64	1		81	19		72	2	26
TCERG1	11	89	1		3	97		11	32	57
TCOF1	17	83	1		1	100		1	99	1
TERF2	1	99	1		1	100		1	100	1
TERF2IP	15	84	1		8	92		1	78	22
TES	83	14	3		100	1		81	1	19
TEX10	1	99	1		4	96		4	96	1
TFAM	2	50	48		3	97		1	70	30
TFB1M	1	61	39		94	6		1	65	35
TFIP11	1	99	1		1	100		1	100	1
TFRC	17	75	8		100	1		12	12	76
THNSL1	1	1	100		100	1		1	1	100
THOC1	4	95	2		1	100		1	100	1
THOC2	2	98	1		1	100		1	99	1
THOC3	38	62	1		1	100		1	100	1
THOC5	1	89	11		1	100		1	100	1
THOC6	17	83	1		1	100		1	100	1
THOP1	86	13	1		100	1		89	1	11
THRAP3	5	95	1		1	100		1	100	1
THUMPD1	61	39	1		99	1		78	1	22
THUMPD3	100	1	1		100	1		92	1	8
TIA1	1	99	1		15	85		1	33	67
TIAL1	51	46	3		14	86		34	1	66
TIGAR	75	25	1		100	1		88	1	12
TIMM10	14	1	86		15	85		1	1	100
TIMM13	16	2	82		78	22		1	26	74
TIMM17B	1	72	28		100	1		1	1	100
TIMM22	1	82	18		79	21		1	1	100
TIMM23	1	88	12		14	86		1	36	64
TIMM44	2	65	33		100	1		1	1	100
TIMM50	1	68	31		98	2		1	10	90
TIMM9	1	1	100		41	59		1	23	77
TIPRL	74	26	1		100	1		95	1	5
TJP2	89	8	3		22	78		62	1	38
TKT	61	38	1		97	3		67	1	32
TLK1	1	100	1		1	100		50	50	1
TLK2	1	100	1		1	100		1	100	1
TLN1	62	37	1		96	4		92	1	8
TLN2	17	77	6		100	1		94	1	6
TM9SF2	5	94	1		98	2		1	4	96
TM9SF3	8	90	3		80	20		1	1	100
TMCO1	9	72	19		53	47		1	22	78
TMED1	3	94	3		95	5		50	50	1
TMED10	8	89	4		92	8		14	14	72
TMED2	5	88	7		71	29		1	17	83
TMED4	1	92	8		82	18		1	19	81
TMED5	9	86	5		100	1		1	1	100
TMED9	15	78	6		85	15		1	23	77
TMEM109	10	84	6		72	28		3	8	88
TMEM11	1	22	78		62	38		1	22	78
TMEM126A	2	38	60		63	37		1	8	92
TMEM165	1	98	2		95	5		1	1	100
TMEM167A	16	84	1		100	1		1	27	73
TMEM205	5	90	5		79	21		1	1	100
TMEM209	1	100	1		1	100		1	100	1
TMEM214	17	79	4		1	100		1	54	46
TMEM33	14	82	5		84	16		3	2	96
TMF1	1	98	2		94	6		1	1	100
TMOD3	98	2	1		66	34		72	1	28
TMPO	2	98	1		6	94		36	44	20
TMPO	2	98	1		6	94		36	44	20
TMSB10	100	1	1		100	1		100	1	1
TMX1	9	86	5		100	1		1	14	86
TMX2	8	79	13		88	12		1	3	97
TMX3	1	98	1		99	1		1	1	100
TNPO1	33	66	1		87	13		73	2	25
TNPO3	66	34	1		98	2		83	2	15
TOMM20	1	84	16		38	62		1	69	31
TOMM22	1	77	23		20	80		1	13	87
TOMM34	91	8	1		96	4		87	1	13
TOMM40	1	66	33		30	70		1	45	55
TOMM6	1	1	100		100	1		1	1	100
TOMM70A	2	70	28		52	48		1	11	89
TOP1	1	99	1		1	100		1	92	8
TOR1A	5	94	1		99	1		1	1	100
TOR1AIP1	1	99	1		73	27		1	42	58
TOR1B	1	96	3		100	1		1	1	100
TOX4	1	100	1		1	100		1	99	1
TP53BP1	86	14	1		1	100		1	100	1
TPD52	76	15	8		100	1		96	1	4
TPD52L2	74	19	7		100	1		69	2	28
TPI1	79	20	1		98	2		85	1	15
TPM4	100	1	1		51	49		61	22	17
TPMT	63	37	1		100	1		66	1	34
TPP1	30	67	3		89	11		1	9	91
TPT1	19	80	1		69	31		40	1	60
TRA2A	1	100	1		1	100		1	100	1
TRA2B	4	96	1		1	100		1	99	1
TRAP1	1	77	22		100	1		5	6	89
TRAPPC3	52	46	1		81	19		74	2	24
TRAPPC6B	65	35	1		94	6		1	100	1
TRIM24	4	96	1		1	100		1	21	79
TRIM25	76	22	2		65	35		78	1	21
TRIM28	21	79	1		40	60		37	8	55
TRIM33	6	94	1		7	93		6	1	94
TRIP10	63	35	2		100	1		72	1	28
TRIP12	13	87	1		21	79		1	96	3
TRIP13	55	45	1		77	23		85	1	15
TRMT1	94	3	3		100	1		75	1	25
TRMT11	100	1	1		100	1		100	1	1
TRMT6	74	26	1		36	64		1	100	1
TRNT1	52	36	12		100	1		53	1	47
TSFM	1	51	49		100	1		1	19	81
TSN	59	41	1		98	2		77	1	23
TSR1	21	79	1		2	98		33	8	59
TST	1	37	63		96	4		1	1	99
TSTA3	67	32	1		100	1		75	1	25
TTC1	77	22	1		100	1		80	1	20
TTC27	89	3	7		100	1		93	1	7
TTLL12	79	21	1		100	1		88	1	12
TUBB2A	79	21	1		82	18		68	1	31
TUBB2B	65	35	1		86	14		100	1	1
TUBB3	100	1	1		100	1		80	1	20
TUBG1	47	53	1		14	86		35	1	65
TUBGCP2	58	42	1		44	56		86	1	14
TUFM	3	56	41		96	4		2	10	88
TWF1	100	1	1		81	19		73	2	25
TWF2	92	8	1		62	38		88	1	12
TXLNA	57	40	3		30	70		86	1	14
TXN	75	23	1		95	5		75	2	23
TXN2	1	93	7		100	1		1	1	100
TXNDC12	25	64	11		100	1		1	25	75
TXNDC17	97	3	1		100	1		77	1	23
TXNDC5	20	63	17		98	2		24	5	71
TXNL1	64	36	1		97	3		75	1	25
TXNRD1	67	33	1		98	2		100	1	1
U2AF1	14	86	1		6	94		2	86	11
U2AF2	7	92	1		14	86		5	89	5
UBA1	62	38	1		100	1		1	4	96
UBA2	72	27	2		100	1		72	1	28
UBA3	74	26	1		99	1		82	1	18
UBA5	61	38	1		99	1		97	1	3
UBA6	76	23	1		100	1		77	1	23
UBAP2	62	31	7		23	77		55	1	45
UBAP2L	60	33	6		20	80		61	1	38
UBE2D3	40	60	1		95	5		86	1	14
UBE2G2	11	87	2		77	23		50	50	1
UBE2I	51	49	1		46	54		85	2	13
UBE2K	67	33	1		100	1		77	1	23
UBE2L3	99	1	1		99	1		75	1	25
UBE2M	55	44	1		88	12		68	1	32
UBE2N	54	45	1		96	4		83	1	17
UBE2O	90	10	1		100	1		83	1	17
UBE2V1	48	52	1		97	3		91	1	8
UBE2V2	73	26	1		99	1		70	3	27
UBE2Z	80	19	1		100	1		1	100	1
UBE3A	90	9	1		100	1		75	1	25
UBE4B	84	16	1		99	1		68	1	32
UBFD1	52	48	1		62	38		44	1	56
UBL4A	87	13	1		100	1		57	3	40
UBLCP1	50	47	2		98	2		72	1	28
UBQLN1	63	37	1		91	9		49	1	51
UBQLN2	52	48	1		100	1		79	1	21
UBQLN4	33	66	1		79	21		56	1	44
UBR2	97	3	1		100	1		82	1	18
UBR4	91	9	1		100	1		91	1	9
UBR5	1	1	100		85	15		1	15	85
UBR7	71	29	1		95	5		100	1	1
UBTF	5	94	1		1	100		1	80	20
UBXN1	88	12	1		89	11		78	1	22
UBXN4	7	90	4		100	1		1	1	100
UBXN6	95	5	1		97	3		100	1	1
UBXN7	62	37	1		65	35		60	1	40
UCHL3	90	10	1		100	1		96	1	4
UFC1	49	49	2		93	7		78	1	22
UFD1L	32	65	3		72	28		40	1	59
UGDH	77	23	1		96	4		71	1	29
UGP2	1	100	1		98	2		85	1	15
UMPS	76	23	1		99	1		88	1	12
UNC45A	86	12	2		99	1		51	1	49
UPF1	51	47	2		66	34		75	2	23
UQCR10	1	92	8		89	11		1	94	6
UQCRB	5	50	45		1	100		1	48	52
UQCRC1	1	75	25		57	43		1	26	74
UQCRC2	1	67	32		58	42		1	17	83
UQCRFS1	2	69	29		61	39		1	40	60
UQCRQ	1	71	28		76	24		1	23	77
URB1	1	98	1		3	97		1	100	1
UROD	68	32	1		100	1		69	1	31
USMG5	1	78	22		97	3		1	24	76
USO1	49	50	2		99	1		81	1	19
USP10	67	32	1		53	47		63	4	33
USP14	60	40	1		97	3		91	1	8
USP15	66	33	1		98	2		87	1	13
USP19	75	24	1		100	1		82	1	18
USP24	55	45	1		100	1		91	1	9
USP3	1	99	1		1	100		1	67	33
USP39	4	95	1		1	99		1	96	4
USP47	97	3	1		100	1		90	1	10
USP5	66	34	1		99	1		79	1	21
USP7	44	56	1		67	33		4	15	81
USP9X	83	16	1		98	2		84	1	15
UTP14A	4	96	1		1	100		1	100	1
UTP15	1	100	1		5	95		1	100	1
UTP20	4	95	1		2	98		1	99	1
UTP3	3	96	1		1	100		1	100	1
UTP6	1	100	1		1	100		1	100	1
VAC14	43	56	2		82	18		95	1	5
VAMP2	20	78	2		97	3		1	1	100
VAMP7	30	42	28		99	2		3	20	77
VAMP8	33	49	18		95	5		50	50	1
VAPA	14	71	15		48	52		1	25	75
VAPB	7	84	8		74	26		1	20	80
VARS	64	36	1		85	15		76	1	24
VARS2	36	11	53		100	1		50	50	1
VASP	96	2	1		10	90		76	1	24
VBP1	96	1	4		96	4		77	1	23
VCL	74	26	1		95	5		80	1	19
VCP	48	50	3		79	21		63	5	32
VCPIP1	33	33	33		97	3		85	1	15
VDAC1	4	74	22		26	74		2	30	68
VDAC2	3	73	24		25	75		8	28	64
VDAC3	1	85	14		23	77		4	30	66
VIM	6	92	2		2	98		5	93	2
VKORC1	10	84	6		76	24		1	5	95
VKORC1L1	3	96	1		100	1		1	24	76
VMA21	1	99	1		100	1		1	9	91
VPS11	10	1	90		24	76		58	1	42
VPS13A	34	66	1		14	86		1	1	100
VPS13C	75	22	2		68	32		90	1	10
VPS16	27	72	1		29	71		55	1	45
VPS18	54	30	16		32	68		80	1	20
VPS25	22	78	1		91	9		75	1	25
VPS26A	98	2	1		96	4		76	1	23
VPS26B	95	5	1		93	7		65	1	35
VPS29	75	25	1		88	12		72	2	26
VPS33A	38	62	1		39	61		95	1	5
VPS33B	64	34	2		80	20		51	1	49
VPS35	84	14	1		93	7		79	1	20
VPS39	1	100	1		8	92		1	1	100
VPS41	73	26	1		14	86		67	1	33
VPS45	37	59	4		76	24		91	1	8
VPS4A	64	36	1		98	2		57	1	43
VPS4B	67	33	1		96	4		86	1	14
VPS53	100	1	1		75	25		96	1	4
VRK2	1	99	1		1	100		1	97	3
VTA1	77	13	10		99	1		83	5	13
WAPAL	2	98	1		1	100		1	1	100
WARS	54	46	1		97	3		85	1	15
WARS2	1	37	63		79	21		1	10	90
WASF2	19	81	1		62	38		87	1	13
WBP11	25	74	1		1	100		1	45	54
WDR1	65	34	1		52	48		83	4	13
WDR12	55	45	1		1	100		1	100	1
WDR18	4	95	1		1	100		1	100	1
WDR3	1	99	1		1	100		1	100	1
WDR43	5	91	4		1	100		1	100	1
WDR48	32	66	2		53	47		1	1	100
WDR5	11	89	1		11	89		11	73	16
WDR55	100	1	1		7	93		1	100	1
WDR6	94	6	1		100	1		34	1	66
WDR61	26	74	1		41	59		57	18	25
WDR70	40	60	1		1	99		28	41	31
WDR74	95	1	5		1	100		1	100	1
WDR77	57	43	1		99	1		71	2	27
WDR82	5	94	1		30	70		16	45	39
WDR89	1	100	1		5	95		1	100	1
WIBG	96	4	1		80	20		68	2	30
WRNIP1	58	42	1		85	15		4	20	76
WTAP	1	100	1		1	100		1	100	1
WWP2	15	66	19		25	75		1	24	76
XAB2	3	97	1		1	100		1	95	5
XPNPEP1	80	20	1		98	2		94	1	6
XPNPEP3	1	80	20		100	1		1	1	100
XPO1	27	73	1		87	13		72	2	27
XPO4	1	100	1		96	4		1	1	100
XPO5	42	58	1		66	34		93	1	7
XPO7	81	19	1		100	1		83	1	16
XPOT	78	21	1		10	90		80	1	20
XRCC5	34	66	1		52	48		42	29	29
XRCC6	31	69	1		43	57		45	19	36
XRN2	2	98	1		8	92		4	69	27
YARS	60	40	1		85	15		91	1	9
YARS2	1	74	26		39	61		1	4	96
YBX1	57	37	5		56	44		55	8	37
YIF1A	1	100	1		100	1		1	1	100
YIF1B	19	77	4		70	30		1	1	100
YIPF4	1	99	1		100	1		1	1	100
YKT6	49	50	1		100	1		69	1	31
YLPM1	1	100	1		2	98		1	100	1
YME1L1	1	52	48		1	100		1	13	87
YTHDF1	100	1	1		9	91		50	50	1
YTHDF3	71	26	3		1	100		38	1	62
YWHAB	69	30	1		91	9		85	3	13
YWHAE	54	45	1		92	8		63	11	27
YWHAG	62	36	2		89	11		76	10	15
YWHAH	59	40	1		87	13		82	4	14
YWHAQ	61	38	1		87	13		88	1	11
YWHAZ	58	41	1		86	14		80	3	18
YY1	1	100	1		12	88		1	84	16
ZBTB8OS	100	1	1		100	1		79	1	21
ZC3H11A	1	93	7		1	100		1	100	1
ZC3H14	1	100	1		1	100		1	100	1
ZC3H15	75	17	7		76	24		91	1	9
ZC3H18	3	97	1		1	100		1	100	1
ZC3H4	70	30	1		1	100		1	1	100
ZC3HAV1	61	32	6		1	100		48	25	28
ZCCHC11	5	95	1		1	100		100	1	1
ZCCHC8	1	100	1		3	97		50	50	1
ZFR	1	100	1		1	100		1	98	2
ZMPSTE24	11	82	7		97	3		2	7	92
ZMYM4	1	65	35		1	100		1	100	1
ZNF512	1	100	1		1	100		1	100	1
ZNF598	65	33	2		73	27		16	1	84
ZNF622	37	59	4		55	45		86	1	12
ZNF638	1	98	2		1	100		1	100	1
ZRANB2	19	81	1		1	100		10	63	27
ZW10	48	50	2		97	3		77	1	23
ZYX	99	1	1		83	17		84	1	16
